1.447762044270833144e+02
2.349960501645967383e+02
7.369501953523449629e+02
1.287618584051964945e+03
7.128956871911307189e+02
5.499155490795668584e+02
5.768153182653169324e+02
3.789187127307937317e+03
1.249030996090907138e+03
6.790259877782982585e+02
4.767187063719753723e+02
4.198932143549080820e+02
2.794770790278157051e+02
3.050332218701944385e+02
2.309856783633695159e+02
2.822910680662228629e+02
3.057796223595873926e+02
3.715021140726287854e+02
4.957642886876661237e+02
2.293669508425528818e+02
1.810082525891232024e+02
2.536055160828847193e+02
4.624663814126848251e+02
2.408528736355507931e+02
3.006607578462729862e+02
5.093094918132009070e+02
6.164440366816590995e+02
2.000780245190885580e+03
5.939613351198421469e+02
1.533228111407773667e+03
5.155376821702158168e+02
2.307947658210592579e+02
5.344420230398495164e+01
1.115865630093858982e+02
1.773052254943138450e+02
1.510849536833702018e+02
4.437123517530082495e+02
2.582276699583970867e+02
1.356993286659947273e+02
1.143248661769611090e+02
9.185599625687741820e+01
5.611275775411385780e+01
7.834514389901866593e+01
9.829596157057881101e+01
6.645000931037998271e+01
8.006235540062553468e+01
9.326312913378602332e+01
9.478012308989293899e+01
5.032728958856258572e+01
3.762231906602261233e+01
7.307300662059181207e+01
3.991271627051171578e+01
9.962028827429863398e+00
6.491778631055420590e+01
2.254603111770927342e+02
2.413041449529472118e+02
9.999050350354461614e+01
1.114437782412584141e+02
1.154991981472460196e+02
5.325908101704437314e+01
1.529990069041238421e+01
8.783405920860084848e+01
3.270570122516639344e+01
1.566069869624066691e+01
2.461655966329447409e+01
1.333669628369167413e+02
4.996445076208758707e+01
1.971624701079604236e+01
1.508025946957741148e+01
3.277119880436020871e+00
8.336778926798388056e+00
1.748224829982095940e+01
1.823168799818992980e+01
7.758507792206830622e+00
2.108425412693908285e+01
1.831416800859904015e+01
1.165559945235430028e+01
9.211633513896417824e+00
2.779227596568778047e+00
3.185141745222973597e+01
1.774574034392282940e+01
4.343795955456985780e+01
1.826076099902327599e+02
2.490047802045726399e+01
4.301858485748002181e+01
5.815437056854992193e+01
6.726627809859644458e+01
1.991739258131049723e+02
1.046762887245073443e+02
8.152439997307558883e+01
2.856812916949431624e+01
4.638306827572485957e+01
2.867983174739233831e+01
2.009029229518616333e+01
1.707378168933959728e+01
1.797336316279203317e+01
1.929492148703132415e+01
5.073350931798969299e+01
6.591434228915270310e+00
2.268196344253943053e+01
1.366716169795178892e+01
1.519092632453115144e+01
3.883268566561090207e+00
1.358309187360073977e+01
2.179616342184217359e+01
1.233976131449423264e+01
1.656713973982468957e+01
2.207978792483705988e+01
3.030044139911750634e+01
5.676553592649215574e+01
3.889842453562393843e+01
3.699350864283712781e+01
3.468504796754310604e+01
3.725506053659096750e+01
4.255810063562374523e+01
2.715203072953205421e+01
2.534019973071886511e+01
2.272720635484316531e+01
1.344761245407482164e+01
2.194635045402405993e+01
2.204830169819448216e+01
1.304843683499880491e+01
1.169435316082122789e+01
1.886543495951804417e+01
1.592860139318069201e+01
4.805523757978944488e+00
7.482117211681573288e+00
2.916694965379847915e+01
1.773259049275111821e+01
1.168306108655639086e+01
1.749446100539660875e+01
9.576671988685017567e+00
2.258849002849285981e+01
1.094371058859512580e+01
1.423518482485246039e+01
1.953965964420671142e+01
9.402787315289655723e+00
2.616590205245664791e+01
9.691033826127481987e+00
1.989805437595887128e+01
1.902513492481340407e+01
2.289927508012340596e+01
4.300407844422737469e+01
7.270258785862040440e+01
5.100321233755721551e+01
4.012038191644028018e+01
1.334283994853267252e+01
2.296909052892760883e+01
2.716672523682690965e+01
1.592094701533975609e+01
9.758470898049084852e+00
8.644077003840092033e+00
1.932656131985338988e+01
1.562223061834707138e+01
9.471978385146313073e+00
6.180209136386292101e+00
2.077007307815361514e+01
6.038925924413474533e+00
5.458898532630169775e+00
9.194712794218917296e+00
5.671554211022386660e+00
7.197287876906009352e+00
9.855373131250788177e+00
2.146102986862775452e+01
9.040019582290105049e+00
1.310455476382132112e+01
5.396064605643589474e+00
2.352099576323113084e+01
1.807786147517050068e+01
1.111427030033160435e+01
1.914623144181212666e+01
1.455522783615988835e+01
2.693185394164911628e+01
7.656016902697219351e+00
2.258771066424818841e+01
1.010657399498762565e+01
3.603011872155806117e+01
4.061408955871347359e+01
1.770913555114805860e+01
1.144800020567084253e+01
4.494629665782282757e+01
2.695623534795494436e+01
2.054756077052450181e+01
1.311520234065899615e+01
1.535156075681842935e+01
3.008365428506317585e+01
4.019432559566173069e+01
7.174605239676075108e+00
2.364036171608678316e+01
5.762414784168285564e+01
5.447012192944882969e+01
1.766250573278248126e+01
2.494443163540850250e+01
3.459536925399281415e+01
2.610886862729416080e+01
1.810588705459846892e+01
7.121382732899764534e+00
1.572015242409486113e+01
1.739495662322298575e+00
6.032361915263144425e+01
3.261377819646594389e+01
4.096940884994102561e+01
2.578957152113204643e+01
3.487856801472750590e+01
3.753973058216518410e+01
1.734581323822549948e+01
4.512310773760717098e+01
1.353120728054248900e+01
1.241706366311629495e+01
1.084457861471943652e+01
1.644578496175519433e+01
1.283178490004895700e+01
1.380591070388333286e+00
1.322650105821024979e+01
2.252258510888909271e+01
2.382403251265243327e+01
2.134411371169983340e+01
1.674114303456670783e+01
1.931388097480534327e+01
2.647517698990434454e+01
2.094403746817109990e+01
2.194881428125592748e+01
1.658552691021791858e+01
7.662581905453135001e+00
8.837007131362314638e+00
1.391778443115992658e+01
1.290402257903498651e+01
2.126847421405334515e+01
4.654472744874514234e+01
9.538110008215975100e+00
1.156522505016641666e+01
1.147517955482970464e+01
1.719166602915279896e+01
3.148027787354563145e+01
2.269475903445609077e+01
4.800701835673586437e+00
1.295189432119104289e+01
2.557464175622754254e+01
1.524675531738716394e+01
1.490774298841524192e+01
1.795378602613319075e+01
1.928185081606192952e+01
2.049448911284769181e+01
1.630249539258138824e+01
1.256330354991385256e+01
1.053499754804498956e+01
5.666064018640328825e+00
2.274867764116627811e+01
1.202351897997509411e+01
1.137669451776938345e+01
9.566236894001884039e+00
9.262152441229357436e+00
1.615874909053272646e+01
8.511858371459695149e+00
7.773506350795270414e+00
8.468018210365897858e+00
1.365246952667668623e+01
1.352176423098033631e+01
1.024694402306679208e+01
6.025017411390881428e+00
2.655999154616917224e+01
2.223682021050688462e+01
1.630582772226390631e+01
2.286030867840794656e+01
7.425103156397072190e+00
9.448594797734507722e+00
2.066812387687157937e+01
9.517676622621351612e+00
1.960008478217383754e+01
1.211688527111508051e+01
1.004414845350001073e+01
1.099866523011035468e+01
8.966287625640417147e+00
1.311650959173537245e+01
8.586968835804603017e+00
9.619519146088107320e+00
2.167741998858506158e-01
1.951807423914751638e+01
5.869691202287865117e+00
5.228927244406302854e+00
1.766088733252396636e+01
2.825848062576672959e+01
2.056510667375712131e+01
2.523379730131560095e+01
8.706410257550599496e+00
3.047684964187532941e+01
1.726516156111688716e+01
1.221311117925394818e+01
7.030405996963422055e+00
1.863717371556648317e+01
4.751588330164059570e+00
1.845159184570640676e+01
1.818489121926238283e+01
1.247121164492311074e+01
2.484193775635351376e+00
1.063458517785249846e+01
1.077884188027379153e+01
2.953873846700499683e+00
1.845434941024431952e+00
1.345996172924212075e+01
4.387529490368384799e+00
3.687948526071915367e+00
1.211690512437607836e+01
1.065712020681025829e-01
1.054674664060644851e+01
4.610891974154405659e+00
1.131745443389094241e+01
9.560814784357811291e+00
5.323166037434788223e+00
9.243988932467170017e+00
4.194811162961417317e+00
3.163324268049526822e+00
5.065083657779378079e+00
1.359638395674825517e+01
1.951090363819944384e+00
1.001068407544495997e+01
5.051263147738437098e+00
3.958876209528573664e+00
2.602788165797564890e+00
9.546148905359917336e+00
9.110473919906905138e+00
1.449127053639153750e+01
3.836727761851093099e+00
2.142910050751839712e+00
3.224028824114670844e+00
4.345544758356879811e+00
9.893604863445052189e+00
7.230476339913185058e+00
1.308451766971012953e+00
4.904965523050334397e+00
5.130049866052018182e+00
9.207186968225471446e+00
8.976067814111981846e+00
1.256624402605426383e+01
1.370308592628733990e+01
2.808479406543063384e+00
8.912077933924738460e+00
1.382649600769090625e+01
9.384289734155041529e+00
1.159329411507668439e+01
3.407186479473294227e+00
7.005662473013573033e-01
2.637995975573891094e+00
6.188709721820962351e+00
7.675670530728935681e+00
1.729121708920832390e+00
5.948973521166796452e+00
1.297697514157531096e+01
9.351637739229065716e+00
2.513568686038828659e+01
1.737259824354476834e+01
7.923006322325199413e+00
7.662143078889076087e+00
1.352258747417052653e+01
8.238915419920534333e+00
9.457333208854716844e+00
1.500571658501038996e+01
1.380573700443960306e+01
1.397669176907266220e+01
1.313414850521444066e+01
1.247365124063105668e+01
2.266813679892396038e+01
9.439012769055043606e+00
1.357166079726912855e+01
1.178812713279270596e+01
8.563946898826026555e+00
6.486557569158046377e+00
1.592773878888973904e+01
9.014214341680357734e+00
6.771686358772638137e+00
1.019830790642738805e+01
2.307154436676875875e+01
1.205464580315087453e+01
1.016006017239082837e+01
1.946145008942061594e+01
1.344030860874212863e+01
1.020035054941509323e+01
6.579909121622822266e-01
9.152583989319355240e+00
1.161047782270193274e+01
1.122977582265065521e+01
6.212178686904752389e+00
1.603445324358122193e+01
8.090768372417530330e+00
1.447601659938835539e+01
6.754545268763489929e+00
7.702482972928487825e+00
4.417832328665615371e+00
5.356095242245119792e+00
9.652976394658519865e+00
4.437817982697851882e+00
2.903924303338162982e+00
5.907544936807101799e+00
1.043727053278331418e+01
4.735930382512978376e+00
6.722890860456351092e+00
7.008817828223888213e+00
5.566115044314593696e+00
7.458129488595982792e+00
7.967176600518065754e+00
3.145221520013987249e+00
1.028268264532096943e+01
6.278138276772494031e+00
2.776830781587028341e+00
6.332930001423824784e+00
2.958439099379207793e+00
1.078371009265844016e+01
9.247088292391509867e+00
7.217316020277286803e-01
4.334503856027693836e+00
4.937217996271471065e+00
8.609444730710938742e+00
6.783342824122838621e+00
4.840835533202141328e+00
4.442317579654575965e+00
5.415623822892510653e+00
9.067887020504258544e+00
6.352357634376309958e-01
3.834465656421083501e+00
5.832876273003639866e+00
3.891032612020060899e+00
4.106467668570341623e+00
3.857332259576817357e+00
3.996870212419150636e+00
3.641634750522812158e+00
3.983566076373104448e+00
2.569161726926310063e+00
6.743433365220593778e+00
4.548315205021733476e+00
2.572774586134022101e+00
5.296298623224969582e+00
2.253782488377665594e+00
3.061715258266427320e+00
2.135560448775634779e+00
3.180343931380658518e+00
6.454272035937295371e+00
2.743766420118871618e+00
3.749484059717176354e+00
1.010124142484164089e+01
5.849258978582104973e+00
5.889776578865085988e+00
3.902644290375372638e+00
3.639748582472015936e+00
5.517630207160337363e+00
3.515793660521505437e+00
6.359300451889648542e+00
1.082601438130897975e+01
4.165952569752790602e+00
5.892406502438006122e+00
4.181827044374078817e+00
3.028251927533683663e+00
8.676366688371068392e+00
6.218419163071062350e+00
3.963951432850569834e+00
4.278813820689393310e+00
3.536337238317693199e+00
3.098244432128336889e+00
5.234006624599074620e-01
4.754166014625551995e+00
6.288220217976129511e+00
5.913854716386211408e+00
4.995343435509439267e+00
3.751238249867235641e+00
1.741515770211081726e+00
4.694576895419823259e+00
5.392290790162956426e+00
1.090414252372992499e+00
3.323960478008889829e+00
1.830198421318184776e+00
4.978158865941113120e+00
5.634975431447183603e+00
9.538669227252292160e+00
2.876878734514988434e+00
3.184154307197726741e+00
4.448131450778087803e+00
1.757349298496809764e+00
3.745988804772021563e+00
8.336384831812914342e+00
3.187760872571997695e+00
6.333732373840059715e+00
4.412786522139007239e+00
5.813864060368127973e+00
3.859302905958652996e+00
4.746580480656809264e+00
2.641086327092650787e+00
9.490341993007124444e+00
5.095097247777157889e+00
4.174836376338991961e+00
4.031801399684465714e+00
4.876353487951543109e+00
6.113965419546787849e+00
5.353405185763074670e+00
3.793200686421692946e+00
8.178603517814845958e+00
3.740363420810274953e+00
2.018457930960865898e+00
3.127939127747936254e+00
1.411624744575465940e+00
1.697541875215481832e+00
3.975325405110588406e+00
8.199817082800324286e+00
2.845909127540894090e+00
4.460418505910368481e+00
4.399648657226464366e+00
2.422252771940884841e+00
6.777494088885623214e+00
2.321340487504384598e+00
6.476064028449161292e+00
2.937736585905169395e+00
5.403866135669838755e+00
5.574993768962090535e+00
4.672135983660170133e+00
2.978778381408198062e+00
3.458334857249720340e+00
3.433331859912328810e+00
3.887868742090968777e+00
3.027529722963330894e+00
3.689928898059819051e+00
4.629422655137532594e+00
2.256492737549614880e+00
5.472598180051572392e+00
5.650017389182354854e+00
1.234198485319515592e+00
5.173668745187931073e+00
4.599355241916172510e+00
2.507674199081172173e+00
5.328533323891159412e+00
2.938877770739948048e+00
2.363348728350116890e+00
4.963636119540826286e+00
3.770178727595259627e+00
2.133723337449249691e+00
4.390019616106568989e+00
4.856155453758572271e+00
1.817619320827263962e+00
4.065185114890910612e+00
3.809611511512476234e+00
2.138378779117738659e+00
2.213036619773989799e-01
4.567413917835227544e+00
4.022461719116700252e+00
1.528557020826723400e+00
3.259441887943425264e+00
5.073450627818234082e+00
7.655077678590495260e+00
3.566482295836923111e+00
2.326505737568410392e+00
3.218648335063885479e+00
1.569394247914492224e+00
7.269719601036886969e-01
1.684866733099301461e+00
3.871799070337595960e+00
3.012388436420868842e+00
4.667489151362575583e+00
1.082882177244026467e+00
2.800075980468117454e+00
3.079997693718460550e+00
2.244792325684302092e+00
2.120153520918081735e+00
2.541260998554939921e+00
4.623469007528301589e+00
2.127103959277013345e+00
5.884452178010429968e+00
3.001504126317027676e+00
3.510342021074039920e+00
1.970217188123360330e+00
2.469632630610865576e+00
5.720453287106737505e+00
3.970181919458593445e+00
5.852455785956264478e+00
3.856442666250224693e+00
4.136614847125732908e+00
3.805319975092902318e+00
2.057273150222622249e+00
2.911463275330492984e+00
2.884321976519365727e+00
5.975264618602293964e+00
5.240365662181043938e+00
2.780300159454259568e+00
2.826314136900877738e+00
3.501283341138933913e+00
6.083807321095450860e+00
3.425471741746012544e+00
8.004274413768072804e+00
6.077854198892436166e+00
1.133866773109391168e+01
5.289680585436424387e+00
3.835586273829593384e+00
3.814970182770230256e+00
3.106487803167699013e+00
7.152275080632576554e+00
4.970766145415356441e+00
3.732053836266770563e+00
4.035097380336113204e+00
5.947361163685127572e+00
6.390793958212851678e+00
7.718795343815635590e+00
1.642186905016304710e+00
1.659100482723174119e+00
4.036484196526791912e+00
7.206392217236843756e+00
1.082788177449480926e+01
5.663010001429198859e+00
2.123467340448348395e+00
1.956098467710684519e+00
1.942328639594253659e+01
2.383518672727900878e+01
6.995688849061973080e+00
5.634124242210210021e+00
3.725555620473960161e+00
1.210238792459224655e+01
4.599442919843706790e+00
1.102337286335679956e+01
1.971293204336525662e+01
8.413460819925718814e-01
1.449555721483733883e+01
7.648226100727748999e+00
1.831327626628026195e+01
1.084201958855097203e+01
2.671555632578187911e+01
3.711028536694506386e+01
2.005795509829786383e+00
1.737918160793766376e+01
4.045334863303767570e+00
3.473498466344805280e+01
1.624439533613329090e+01
2.199701824903230118e+01
1.946615713695095451e+01
1.211349050115837400e+01
1.227475902650293449e+01
1.419820949372765462e+01
1.282572419502726291e+01
1.323509426030620162e+01
1.913879589432546524e+01
3.484423062282102990e+01
2.188412957393415326e+01
1.107457833592964569e+01
3.556244328366543073e+01
1.260203240402275959e+01
1.579942305470248165e+01
2.190721081936633041e+01
2.853613867004161975e+01
1.729401095407929745e+01
2.150519501794931188e+01
3.884596593541346898e+00
1.003573510513269795e+01
2.725908588703101998e+01
1.112738549839764390e+00
2.037995779021255771e+01
2.564955109550006895e+01
1.264755869520929288e+01
2.976994896296879389e+01
1.749258145426012234e+01
1.019778324033068984e+01
1.491392117484112312e+01
1.444663655476758635e+01
1.382523762591544170e+01
1.629959352787245308e+01
1.134899803250994665e+01
5.533479334386846915e+00
8.888681533720355077e+00
1.178026503098521438e+01
1.407227975895045624e+01
1.579318720688509259e-01
2.651224304018417133e+00
3.458118825789078254e+00
7.338322955874244435e+00
7.644488544902537264e+00
3.785324327408359224e+00
2.398270492667984755e+00
1.112492483593198500e+01
1.706917108841962261e+01
1.556770939485843996e+01
1.643901661957886873e+01
1.368759339164320110e+01
2.229845279146896075e+01
2.185222719446799999e+01
1.190574984689982330e+01
7.067473560521747800e+00
1.690649438539185212e+01
2.966437980384539941e+01
2.925814126588721109e+01
1.463686463762362600e+01
4.576102294435854034e+00
1.263158558257605968e+01
1.771030383603926595e+01
1.817869529086500435e+01
2.238334682886715754e+01
1.405448118400090252e+01
2.109876974837410657e+01
9.671902491363351118e+00
2.552858621807412121e+01
1.840439985471417472e+01
1.114520503341413082e+01
1.739694802619954928e+01
1.538460265901144020e+01
3.455768024774980063e+01
1.482978093695053623e+01
4.627462886965087563e+00
2.172367695539240273e+01
1.393262011340167739e+01
5.801074117693993060e+00
1.526402661614163314e+01
7.483570296621248730e+00
1.236751952988685055e+01
1.967902244706561277e+01
1.420050675806625939e+01
8.461436235802004546e+00
7.510534272311903514e+00
1.211181943875815747e+01
6.087751049356554311e+00
2.557464185638826493e+00
7.098403367755125259e+00
1.159057215799959728e+01
2.122062749895342826e+00
8.205033092602805667e+00
6.768381437497355435e+00
9.831268262177717432e+00
5.807673257910120235e+00
6.299475928352247678e+00
5.326432018488156395e+00
2.042002308631905905e+00
2.081689634279443535e+00
4.285713190062760525e+00
4.379969640945745368e+00
7.800872934597234298e+00
5.182755060074169862e+00
2.217073564365623195e+00
4.918545077733225135e+00
7.930530231884427295e+00
7.714224337669386422e+00
4.253679228115102795e+00
4.768713556020204969e+00
8.611684302305006256e+00
3.055285857928832893e+00
4.040059191833723418e+00
3.323875952091384534e+00
1.684828472815410372e+00
1.055082403030989546e+00
1.543636280014831552e+00
4.586037895713616308e+00
5.142187234389203887e+00
9.027050698593460654e-01
2.363979174894913271e+00
1.569750885456903333e+00
4.276926384033068018e+00
3.932300233318073435e+00
2.474284757357533504e+00
3.327030937929515098e+00
1.511814978978404778e+00
5.211015299704655490e+00
6.694300773286707695e+00
4.033350340693926839e+00
2.725968583469099205e+00
2.231781437592859962e+00
6.053091686685303507e+00
7.884372701252587490e+00
1.284499338294674775e+00
9.600762110795963977e+00
6.904201584479361387e+00
3.327097547883054229e+00
1.185601434694970813e+00
2.225498348216751854e+00
2.006180252234694539e+00
2.848497576403839826e+00
4.893501168971287285e+00
3.304906148764736429e+00
2.505010978695305202e+00
4.683013992937914871e+00
3.204336869085522288e+00
2.697988062182594682e+00
2.586735014301349445e+00
2.592198806494553587e+00
2.454365155839754564e+00
2.405352905085750059e+00
2.296318794409387465e+00
2.086996355022995520e+00
1.948837317920976808e+00
1.896761512794835403e+00
2.756714678101218396e+00
3.344274840554259498e+00
5.208441723555988112e+00
6.144138142023528593e-01
4.257055354704098349e+00
2.041370098271200195e+00
1.973520090657774784e+00
1.751033606623673577e+00
2.218033435153309529e+00
2.197037586852272018e+00
1.993819860995358573e+00
2.530460742785489270e+00
2.547341542390187286e+00
3.337825784049156752e+00
6.602216522017596567e+00
7.087539519604275640e+00
3.530027988795385596e+00
5.194655895371236731e+00
6.806766576237865962e+00
6.443441538270846536e+00
3.003911344455749255e+00
2.309985209518306881e+00
5.905062015678528731e+00
2.189778103704543177e+00
5.210085620047173016e+00
6.014801475808933873e+00
3.805131877127132078e+00
3.175995583797876165e+00
1.599035687850899778e+00
1.217530593174751985e+00
2.361825224566597381e+00
9.394884792670730178e+00
8.715534192154260396e+00
7.267539838140786301e+00
6.366335217544674130e+00
2.296798879638525026e+00
5.328999243055593915e+00
6.120794200168555577e+00
5.393167435095034712e+00
1.950309954910225230e+01
1.827756462164455797e+01
8.469273670153553368e+00
1.865948111144491861e+01
1.140307397160220759e+01
1.668063989829487781e+01
6.316341091039807232e+00
1.145026683013862190e+01
1.013885997959840424e+01
5.996904455624000541e+00
1.173918655705703706e+01
7.165475923121991997e+00
5.132824909442661010e+00
5.367658600614221065e+00
1.745960351676922784e+01
6.267168499282516514e+00
7.512235425732930238e+00
6.345382556224890891e+00
6.645816314769420252e+00
5.905900245583928232e+00
1.379208035996108883e+01
9.544239945976544348e+00
1.046399207276213161e+00
6.249156735106886629e+00
3.186495190444912851e+01
1.445739217857480874e+01
9.127045679190512573e+00
1.014167677115526800e+01
1.496976491538982046e+01
8.781639740941855621e+00
1.583068005837193759e+01
1.209307050428715868e+01
9.044928772005938811e+00
3.584132632131885376e+00
2.487965154919232980e+00
4.270913495303676477e+00
4.283730938769314989e+00
6.811076642674672499e+00
1.584580093207119900e+00
7.098648013082983432e+00
8.245856371021471176e+00
4.441980125431136961e-01
3.350727857819040700e+00
2.404631053305389399e-01
1.881841529979653371e+00
7.463391292727661330e-01
2.888616269989130458e+00
9.623001551804589937e+00
4.781461840748207237e+00
2.574487692374174852e+00
2.246613201972577745e+00
1.061091043983538817e+01
7.545325478263493757e+00
9.701286539655132657e+00
8.411139919582294455e-01
9.882060076253916137e+00
1.665749119934960376e+01
1.229624634408165385e+01
8.636501828703371686e+00
8.421480523974658183e+00
1.582345790583759815e+01
1.034584371094014621e+01
1.872239227916757898e+01
1.394425434612658599e+01
5.794543498927822611e+00
4.863533324890894960e+00
9.473745627392395008e+00
3.701942082137435364e+00
1.244226723926691847e+01
1.279152080656696633e+01
7.224632088961429055e+00
1.553364285630999397e+01
2.074855405371356554e+01
2.071081789822608243e+01
7.948728916818414980e+00
3.663311192547351602e+00
1.241604218632590673e+01
5.016026299014479051e+00
1.237540767736040870e+01
3.238405017733045455e+00
1.248756110524923280e+01
1.532841061156052476e+01
7.209060942696748242e+00
6.723511200112909592e+00
6.301249996472488846e+00
8.529074581711514114e+00
2.259498138918690557e+01
2.504086853257363021e+00
1.045137619630997072e+01
3.035252757352979813e+01
2.456659229885602613e+01
4.586045496727149562e+00
1.129026592468876977e+01
1.064668873715401709e+01
1.649865554974492809e+01
1.042192484456979429e+01
3.230150024930469499e+01
7.862199407614158808e+00
2.261962577361361681e+01
1.109177198606067094e+01
2.120389388926563967e+01
5.765737341695557738e+00
1.224932086630772510e+01
1.206393991102808450e+01
9.939464663582661785e+00
7.365905343660396731e+00
1.200057562082803742e+01
2.579138799286151418e+00
2.846039043483783892e+00
1.530599523702408504e+01
1.307025134683105527e+01
1.449642409351089078e+01
8.232629392363543630e+00
1.880563512164568607e+01
1.380733419871817347e+01
9.595089817248787512e+00
7.163274253265071501e+00
9.687695801590157529e+00
3.870743996406419640e+00
1.270932356270310493e+01
7.313416063344870821e+00
1.264645303660899422e+01
1.660664629093910216e+00
1.022454077339325096e+01
1.103789091129594091e+01
9.668524804601963396e+00
1.491173659678510344e+00
1.121306009656650460e+01
5.878608479505241569e+00
1.078408893554815329e+01
7.838050753804005844e+00
2.220668812281307858e+00
3.660671860682285228e+00
9.025645391038704446e+00
4.531968169919420752e+00
1.095994843334143631e+01
7.566708382675018996e+00
1.541278303274922123e+01
1.450724668122714434e+01
7.643247186231307388e+00
1.326973806734100236e+01
1.254559630380587265e+01
1.162404788659811672e+01
6.863120709987382995e+00
7.013826395256948842e+00
1.905943848070153379e+01
2.242346922295162859e+00
8.149473364451326418e+00
1.390963285986120646e+01
1.059391212798547599e+01
9.431308238258889531e+00
5.837575765314364062e+00
1.048894883162002145e+01
1.631609589972779517e+01
1.114793434786334991e+01
8.315537363347155875e+00
6.978529622432021462e+00
6.872723533917921124e+00
1.548574940222357910e+01
1.064675119864283204e+01
6.149193479021690223e+00
1.819556605885817291e+01
5.242594626800701541e+00
1.850702161743705432e+01
9.463448214474478704e+00
3.561264517484235892e+00
2.165435068319380463e+01
8.103964968783765599e+00
1.558004493243985955e+01
4.758316089093884926e+00
1.067649021395227216e+01
4.103233972358494519e+00
5.220163221587798219e+00
4.169513026292304581e+00
2.659278583786756300e+00
9.030237233187522250e+00
7.854287381187188721e+00
2.648413959445548027e+00
4.506203125798009523e+00
4.768064137451887952e+00
1.012786610405641952e+01
2.784799638428185009e+00
9.616768112911282529e+00
3.618403722660142208e+00
1.029133874416668482e+00
5.034844596291367935e+00
1.922232281217495231e+00
4.806975838292371073e+00
1.617132992909187328e+00
7.430543181022297716e+00
2.459357742613536679e+00
2.059938257350950153e+00
1.744841685255735797e+00
3.902033397305928464e+00
4.628690610934709682e+00
3.553351550133154291e+00
5.520346469605769357e+00
4.650403781087442567e+00
3.726533256409610750e+00
1.907091507556919474e+00
2.471261401459623031e+00
2.608190697557909221e+00
2.269630932029687465e+00
2.854698242908398687e+00
3.516995558098842789e+00
3.010117811264960697e+00
1.482041042118795948e+00
3.975213432470147801e+00
2.752188787813381943e+00
5.350430586883398121e+00
3.567578180627464235e+00
5.834757054727665704e+00
7.543158322358785028e-01
2.044681620141133749e+00
2.401694624058480887e+00
3.646439282022205575e+00
1.673189474028382584e+00
3.036066529874154707e+00
6.774803732208054541e+00
3.919472238911430928e+00
2.941974298538607702e+00
4.934494020778926071e+00
2.725089739339405348e+00
2.056686550530127278e+00
3.789347742508517580e+00
3.302361208639899015e+00
1.257920077494669941e+00
5.174707833845150207e-01
2.622835875561666530e+00
4.960626740141568014e+00
2.653781953909544633e+00
1.742611963766595107e+00
2.366334239432326125e+00
1.824689627446739681e+00
2.755727642841509617e+00
1.471339370839412908e+00
5.578807565650694578e+00
5.347720890489338075e+00
2.316402996106016854e+00
1.160745971059015780e+00
2.107456370525254918e+00
2.264475268562323507e+00
7.081812481468209519e+00
7.315193833746893581e+00
3.496438411025878601e+00
9.734113798021517550e-01
3.699218937804559459e+00
3.518746552835908759e+00
3.355790230321002987e+00
4.175342428787047311e+00
6.444713295295909639e+00
3.478321295204739982e+00
5.852955843946518577e+00
4.230581338538851988e+00
5.312042243747965742e+00
1.654010588090468525e+00
3.490432285206247265e+00
2.464543559099308556e+00
3.170219102835319713e+00
1.628211635864965645e+00
5.198585506996970196e+00
2.340633803123223000e+00
3.034467641649986724e+00
4.059298595629096340e+00
1.513512417740136673e+00
2.187660492319277061e+00
3.164355438727494363e+00
5.613355970296680653e+00
3.940914489870637638e+00
3.908496166932736049e+00
4.445266324602436647e+00
3.607234655483560815e+00
1.206314658398551920e+01
7.181426501355508307e+00
3.011832701334214324e+00
4.670132383308533086e+00
5.686604610418629413e+00
2.526426436276612897e+00
4.514761978616845362e+00
4.206329904822663224e+00
1.882272197827711935e+00
1.880540650833257166e+00
1.674674539612726498e+00
1.637472434208803618e+00
1.563099530933997672e+00
1.587375165112076658e+00
1.557543468617076821e+00
1.525279569001566360e+00
1.540862866450852131e+00
1.520268467894005049e+00
1.509639374897328246e+00
1.512835967498181944e+00
1.498995062896756991e+00
1.488259202044429852e+00
1.498704281763598489e+00
1.486466656239561868e+00
1.476756217440762242e+00
1.480222920484699056e+00
1.472943021569918631e+00
1.464118410277302162e+00
1.469162251607688985e+00
1.465513917211269002e+00
1.454807176933574864e+00
1.458667255681898922e+00
1.456815008887154539e+00
1.455243082603383531e+00
1.453654527548269293e+00
1.449082981114808710e+00
1.445860029364632426e+00
1.448878376148747593e+00
1.445563553748118624e+00
1.439202220826884648e+00
1.439750697416589453e+00
1.439172203528342742e+00
1.438911115696714038e+00
1.437167561768173396e+00
1.428200177478569088e+00
1.426938086124581506e+00
1.430901942128797177e+00
1.422882037229613150e+00
1.420496657272742880e+00
1.426818935183887804e+00
1.424525446268791962e+00
1.418889468526577824e+00
1.417911995396417213e+00
1.412988642487502444e+00
1.418635047746533262e+00
1.416491173269721848e+00
1.411352471497486993e+00
1.411708313345516830e+00
1.411071582706589167e+00
1.406424684651977897e+00
1.407777460761332256e+00
1.403076751234986874e+00
1.396653468958954036e+00
1.403811254615715098e+00
1.399701003739525218e+00
1.403544171015823849e+00
1.400121289841253613e+00
1.396073179028183953e+00
1.403901102030483683e+00
1.394158269513502635e+00
1.392351584888865457e+00
1.392047912042928770e+00
1.389551409605574328e+00
1.390030453903872809e+00
1.387269722043697362e+00
1.383902666947615101e+00
1.384971823025048954e+00
1.384953584877476995e+00
1.377735563794414420e+00
1.377668755015183377e+00
1.381909733770884774e+00
1.377143588005243835e+00
1.377384126843542056e+00
1.379326623995897227e+00
1.374640680387569036e+00
1.377125521812201381e+00
1.374641872248358432e+00
1.373371418315220360e+00
1.371903424612688882e+00
1.369964546114328385e+00
1.365182196404976844e+00
1.367821586370574272e+00
1.362746222017287234e+00
1.361427462557553536e+00
1.365776820811237302e+00
1.361657860791566144e+00
1.360687154475123561e+00
1.358859421435195447e+00
1.355621997002156354e+00
1.357156468642855662e+00
1.357615999917876071e+00
1.359010116829612258e+00
1.354102992962236129e+00
1.354863658562407869e+00
1.354142639880186350e+00
1.355451570087769397e+00
1.349765019465463567e+00
1.351477097564563135e+00
1.348088661889712547e+00
1.348339087145421944e+00
1.342670860735791338e+00
1.346475255619052902e+00
1.343341576597684384e+00
1.345104273556296137e+00
1.340768185876031193e+00
1.347658121815306753e+00
1.342260802827236477e+00
1.340134435512244204e+00
1.336313142160988843e+00
1.336979503167374794e+00
1.333453209491774816e+00
1.339559761842033403e+00
1.337294130126247094e+00
1.328221665840724652e+00
1.332398365464291690e+00
1.329520404936150202e+00
1.327571768401431207e+00
1.332255864693346004e+00
1.328745119747558601e+00
1.329785808393459279e+00
1.330848314853822378e+00
1.321970479957618849e+00
1.323443237459478006e+00
1.326600782895720920e+00
1.325437750919771895e+00
1.322115614761307789e+00
1.322182086255598188e+00
1.324183730833274009e+00
1.320496474056409131e+00
1.321360637824924966e+00
1.315456999872213428e+00
1.319391754796905625e+00
1.316926388913198576e+00
1.313306726987500728e+00
1.316068807274981767e+00
1.316509033683523455e+00
1.308466283588483492e+00
1.313711542785931830e+00
1.314275708008579180e+00
1.309060527079476621e+00
1.312377055005910842e+00
1.307870887380774283e+00
1.314865588513390415e+00
1.307368282650696711e+00
1.309448974850796477e+00
1.303332381654744410e+00
1.301098490446377820e+00
1.302856026576509452e+00
1.301439277235577396e+00
1.303452916704759046e+00
1.302006171365428067e+00
1.300836225189448747e+00
1.301851695710066981e+00
1.297250601358824529e+00
1.297755130881796282e+00
1.301091434422210646e+00
1.298676289127980610e+00
1.295517166459931424e+00
1.296263487115989044e+00
1.295909982161213447e+00
1.294167821940196417e+00
1.294493225696506933e+00
1.294210049265989593e+00
1.287756273514121030e+00
1.288097989051281589e+00
1.290424350293174927e+00
1.289460396077588999e+00
1.286891010410106118e+00
1.290378420632904310e+00
1.285575746079124393e+00
1.284987592766531961e+00
1.282972254169254089e+00
1.285687871349287192e+00
1.288237741332806108e+00
1.285827551105891864e+00
1.279358955633068451e+00
1.279194389865233372e+00
1.275260181883315358e+00
1.277447688894659761e+00
1.277202568011600148e+00
1.275124494871903824e+00
1.277162766277212480e+00
1.274574408365250600e+00
1.278710828912760444e+00
1.275806553829175627e+00
1.269684361697859032e+00
1.277192167282392266e+00
1.270055699287677697e+00
1.274358288753436597e+00
1.272019232338157835e+00
1.270717255086864395e+00
1.269154452856054327e+00
1.270567021943584951e+00
1.271634489324736883e+00
1.270472380392476230e+00
1.260850354998546807e+00
1.268850499302170087e+00
1.261055814828123678e+00
1.271136881211887948e+00
1.263230605109582516e+00
1.266422200642770113e+00
1.260275334343849751e+00
1.261654258265677342e+00
1.260308633885956819e+00
1.258387745884601783e+00
1.261426795237275522e+00
1.259021597860087827e+00
1.258655199979980210e+00
1.258861187580424978e+00
1.253626546292985200e+00
1.260091119336723908e+00
1.259857515894861280e+00
1.255911606983492801e+00
1.253047418251639344e+00
1.253007407694861408e+00
1.256644898049772863e+00
1.261263370500334657e+00
1.251389678851205778e+00
1.252435026008787311e+00
1.257411166999282015e+00
1.252572919544867158e+00
1.247864572972823494e+00
1.246558188139097023e+00
1.249947392719746420e+00
1.244489637973029472e+00
1.252108556772979497e+00
1.250544138581646925e+00
1.244718584759491042e+00
1.242830977978259810e+00
1.246747911435345912e+00
1.244885290591859262e+00
1.249152496408352464e+00
1.240195345275534322e+00
1.241180020787656213e+00
1.241915095074647812e+00
1.238403733008251351e+00
1.238292053341365939e+00
1.239819657153399257e+00
1.241635450808571850e+00
1.236969589789835622e+00
1.237015609093965685e+00
1.239866213431880082e+00
1.239209433612457723e+00
1.235780775632794759e+00
1.237379681113953245e+00
1.234990011179737834e+00
1.233889393406741641e+00
1.234336996244591367e+00
1.238850597352619154e+00
1.235080439334969915e+00
1.231595200969148651e+00
1.232285670395343979e+00
1.229671291379492715e+00
1.225131414643533034e+00
1.236180451555050519e+00
1.234820020077467273e+00
1.226845216525009663e+00
1.228522994333627105e+00
1.226006797517050106e+00
1.222314676636792274e+00
1.225584472494141153e+00
1.229513951783976156e+00
1.228053212306640107e+00
1.230605782942428617e+00
1.229097719805171574e+00
1.224575617811509032e+00
1.224438943516100942e+00
1.220112738315317191e+00
1.218140002561181268e+00
1.218230875000099855e+00
1.221287485307872123e+00
1.220130244932158048e+00
1.219742506925194370e+00
1.220272653331547108e+00
1.220444473495043702e+00
1.219390294250680018e+00
1.217565177419942968e+00
1.219433734920821744e+00
1.217230777672260844e+00
1.212368350541376705e+00
1.219675081821405938e+00
1.219268110170618868e+00
1.218151474453020855e+00
1.214773671442056724e+00
1.215836093967619602e+00
1.214508102823264268e+00
1.216439824643928969e+00
1.211374863290367587e+00
1.215861229268136556e+00
1.212548313146968537e+00
1.210468817111187922e+00
1.214050386672745896e+00
1.213085574561107771e+00
1.209443670047714470e+00
1.209773124153767920e+00
1.206101183468530014e+00
1.209583159943840025e+00
1.208811349610105390e+00
1.207452519611314168e+00
1.205945373063753712e+00
1.208770121378444529e+00
1.207607371293123677e+00
1.205216926719764325e+00
1.204890967646159661e+00
1.204226435443704890e+00
1.205165387703482471e+00
1.205126707361913851e+00
1.198465882692995921e+00
1.208781129461703907e+00
1.202505559897466325e+00
1.201486416063496154e+00
1.206700562796224174e+00
1.197272260923545106e+00
1.203176374378786884e+00
1.202504154234116163e+00
1.203774133549029512e+00
1.198804862913897207e+00
1.203972185301830589e+00
1.200541983200570817e+00
1.196247101517312172e+00
1.197004224797094452e+00
1.196998853473066227e+00
1.195940354417842411e+00
1.194006202176453701e+00
1.197333274215767407e+00
1.198548312963894968e+00
1.191657479541076148e+00
1.194478297691509372e+00
1.194213763079081003e+00
1.195212075264231011e+00
1.189640941573742117e+00
1.194700553308133850e+00
1.190035769449292902e+00
1.191483491721758714e+00
1.190969654885978946e+00
1.192559754590935217e+00
1.193702102599965009e+00
1.192583965305785698e+00
1.191877923047356180e+00
1.186823128105782610e+00
1.188835829558461565e+00
1.190347124883555319e+00
1.190578389395886338e+00
1.188041369471729780e+00
1.187838407071589053e+00
1.189223695152937577e+00
1.184760738116953149e+00
1.186137150343443247e+00
1.189969855297295487e+00
1.184439537852067570e+00
1.188277770959847102e+00
1.187744686195702615e+00
1.180914268035581305e+00
1.183108075370033374e+00
1.185833217749734381e+00
1.184511215474034040e+00
1.185312536414379503e+00
1.182355113016149151e+00
1.182445788508728723e+00
1.182874203301899962e+00
1.179933104437401292e+00
1.185576664372004263e+00
1.176423810443562923e+00
1.181013661427963379e+00
1.181163475236729488e+00
1.184443514745358028e+00
1.178896907024072904e+00
1.175904751034322349e+00
1.177358335455542804e+00
1.177840269079422297e+00
1.179920333113046338e+00
1.178928363789370826e+00
1.176054726697568054e+00
1.175752773551857366e+00
1.177639526576161888e+00
1.175416101196069096e+00
1.178655999690168210e+00
1.178754417271109078e+00
1.176372851113499651e+00
1.172152690372322725e+00
1.175674123041279717e+00
1.176779541552248620e+00
1.174969582799008094e+00
1.176238686176765524e+00
1.172604487167817400e+00
1.172730198526489076e+00
1.179301591015939898e+00
1.171346909589188856e+00
1.168923711359050266e+00
1.176091697547190229e+00
1.171877173402606331e+00
1.168752869256721283e+00
1.165857569611097544e+00
1.170790244518767009e+00
1.164557505406974780e+00
1.172488164865946425e+00
1.168608422381401946e+00
1.171609358168016701e+00
1.167500382456563290e+00
1.168383956934211598e+00
1.172630584992991665e+00
1.165372431014993548e+00
1.174558704739967041e+00
1.170334404003856132e+00
1.168627691051465689e+00
1.170604890955570410e+00
1.164721656518550752e+00
1.165793840105413315e+00
1.164703608482213770e+00
1.164042582126596503e+00
1.164731429953110853e+00
1.169856340499723757e+00
1.164824182239264871e+00
1.161882270438222564e+00
1.162065225754788544e+00
1.166164352396853676e+00
1.163657192567388199e+00
1.163972296070080681e+00
1.163231111400754747e+00
1.160746490803477471e+00
1.159446958096621128e+00
1.156782234496564588e+00
1.163015749927046594e+00
1.157762116305240507e+00
1.151724441409688104e+00
1.165845487049000706e+00
1.158906136557270816e+00
1.164494608556291944e+00
1.161480232287220860e+00
1.158582384245592012e+00
1.156452710820297103e+00
1.156134831148425191e+00
1.158086047220920678e+00
1.158340143193347549e+00
1.160593539945206754e+00
1.156049961611401722e+00
1.159660750160281806e+00
1.162919923797680832e+00
1.151445382806016493e+00
1.156507989463090080e+00
1.156289753993402503e+00
1.155270176553181427e+00
1.152718068281466612e+00
1.157077815668721588e+00
1.156936780613212257e+00
1.156326255592357466e+00
1.155496749971500314e+00
1.158874019445292891e+00
1.153885327244996928e+00
1.154253954391034176e+00
1.151789628998085124e+00
1.156830769549785920e+00
1.155387929853664009e+00
1.155297526080968584e+00
1.151581399396871319e+00
1.152153617591435752e+00
1.147324262015677165e+00
1.155207117494391644e+00
1.153874265838518598e+00
1.151729792675944886e+00
1.154799287066097468e+00
1.153730183008886412e+00
1.153639666792038554e+00
1.149857374067827509e+00
1.152632356778636069e+00
1.149389659090039650e+00
1.150160008753834173e+00
1.151285101839076397e+00
1.154092652775294603e+00
1.152945730688878179e+00
1.146459124788460793e+00
1.146428442116383506e+00
1.149625824548505149e+00
1.153376173933807758e+00
1.146916968247251090e+00
1.148758665965514680e+00
1.153800709274055647e+00
1.147904693572479706e+00
1.150089367248779748e+00
1.149797257179703491e+00
1.147372778878705146e+00
1.151730088841579791e+00
1.150954241827449209e+00
1.147819048919493490e+00
1.147520962205409667e+00
1.144591817036233250e+00
1.145049943317641761e+00
1.146299457762289364e+00
1.143758838208101869e+00
1.148809315563765754e+00
1.148296267938430537e+00
1.145833085652508521e+00
1.147180314370310095e+00
1.139430909034792938e+00
1.147923506842260188e+00
1.146700905768831547e+00
1.144504620753201030e+00
1.152199175748717108e+00
1.141963720269253857e+00
1.143610454529782272e+00
1.147422748605767762e+00
1.144303178530090115e+00
1.144997140173407812e+00
1.144756108461901345e+00
1.141218708497501622e+00
1.141548124843768219e+00
1.141723015963550525e+00
1.140964600918374039e+00
1.146580625285200217e+00
1.138919006291245317e+00
1.142605158612209681e+00
1.140797293237753696e+00
1.140175631790191879e+00
1.143491863520341933e+00
1.140067870924380333e+00
1.144576203758772115e+00
1.140076575942481130e+00
1.135328638681862845e+00
1.140025244748968714e+00
1.137712943004149935e+00
1.143303519262105716e+00
1.143023564863666408e+00
1.139604459207763876e+00
1.138505790065436285e+00
1.138465375321007667e+00
1.139080853356830625e+00
1.143791239882488320e+00
1.142423954142348430e+00
1.142118775675364573e+00
1.141672272239927954e+00
1.140435175350834385e+00
1.141882055017511499e+00
1.142400981356580525e+00
1.139321947768318299e+00
1.133289941562407366e+00
1.137773592776028186e+00
1.139272266609633100e+00
1.140049255688680319e+00
1.141077753341015466e+00
1.133944706468525077e+00
1.136561990894537910e+00
1.143836731432328113e+00
1.140473109236992633e+00
1.138457992754985826e+00
1.133598995267212306e+00
1.138583812686398300e+00
1.143870777397032468e+00
1.139251567031491552e+00
1.133751335791365999e+00
1.141066559827009996e+00
1.141540226110716816e+00
1.144916353682968957e+00
1.134844147311633744e+00
1.138062078499474827e+00
1.136428969801020150e+00
1.138000975887089705e+00
1.141416480673684841e+00
1.137364375824152063e+00
1.139146800702291129e+00
1.138545052573287197e+00
1.136352748637927013e+00
1.135367045512179596e+00
1.134507820666801114e+00
1.134061005743591144e+00
1.133298077937107129e+00
1.140381769957132807e+00
1.135162340655538005e+00
1.143241494264549463e+00
1.139023025533555389e+00
1.134506917075197796e+00
1.136191316949388019e+00
1.138787397336073148e+00
1.134480969641615156e+00
1.133617018602547155e+00
1.139521869695049316e+00
1.133335267388440704e+00
1.132735328979300737e+00
1.134211947892812322e+00
1.140862309009470721e+00
1.136105899594654245e+00
1.135159688650858589e+00
1.134310847807090683e+00
1.132693690382617469e+00
1.137179505932027990e+00
1.139560489286168377e+00
1.133893402599016831e+00
1.135852903799479785e+00
1.131396539706114979e+00
1.136723605178767693e+00
1.133894426919751730e+00
1.135813927887467489e+00
1.135340688082821403e+00
1.133265064763940622e+00
1.134765873571778050e+00
1.133230993669393394e+00
1.137545726438470739e+00
1.139737896222095426e+00
1.134529399814465211e+00
1.131016829449416727e+00
1.136889123841370308e+00
1.134501249386903554e+00
1.136685285076355578e+00
1.137118038898271566e+00
1.136994821141574574e+00
1.132986973118772500e+00
1.137940766827961525e+00
1.136003113790815977e+00
1.134946258635724403e+00
1.137644363590876617e+00
1.135208832423055370e+00
1.136076501756773993e+00
1.132750509940180450e+00
1.134110268631562501e+00
1.133593824684702600e+00
1.136018583409548866e+00
1.136902728894637393e+00
1.139043756845280697e+00
1.138863048620478713e+00
1.133836245736593140e+00
1.136026446338664009e+00
1.135160515412422910e+00
1.131444211281325440e+00
1.136361259090158171e+00
1.137336765348690326e+00
1.135163297015302497e+00
1.133983022559199139e+00
1.133439217137027555e+00
1.134536528819359846e+00
1.133996016254119832e+00
1.137982023037812374e+00
1.136788397633583081e+00
1.138355573932074316e+00
1.138639600552053821e+00
1.136695390356537327e+00
1.136032446885337999e+00
1.136487229923028863e+00
1.136189116331544069e+00
1.132478015845324260e+00
1.139831345781327165e+00
1.139853439754902498e+00
1.139278105528398255e+00
1.138570165369171105e+00
1.136236667136837353e+00
1.137065028928296195e+00
1.138142199210554262e+00
1.133535933641131255e+00
1.141919034622002727e+00
1.141212998473024154e+00
1.139637519276213373e+00
1.138476675805831340e+00
1.138965165366080168e+00
1.140157724442993237e+00
1.137574440734117731e+00
1.137295316039834692e+00
1.135545521989049567e+00
1.138843691540317726e+00
1.141411780496261796e+00
1.141552447637646184e+00
1.137721585736020335e+00
1.138734733714119152e+00
1.136256206677407787e+00
1.136914833941844005e+00
1.140078892610132177e+00
1.141346212964614359e+00
1.138986373620023640e+00
1.139834770895016280e+00
1.141930595585601171e+00
1.143354326182444591e+00
1.138316955247598905e+00
1.137150270684064157e+00
1.140031869477074578e+00
1.143450855280834011e+00
1.140726693365257560e+00
1.140704856993767669e+00
1.145082875100983388e+00
1.141021471830987899e+00
1.140501391017932686e+00
1.143678602424571311e+00
1.142203670373136637e+00
1.141372048887590251e+00
1.145251044666358409e+00
1.146085167927658466e+00
1.139641552176689610e+00
1.143041642413278769e+00
1.145319038296918279e+00
1.140540927843202601e+00
1.144509329366594885e+00
1.143912693662762603e+00
1.146164082682511243e+00
1.142865318672448449e+00
1.140491956992130129e+00
1.144036064082538884e+00
1.143873591874938977e+00
1.142479059970008537e+00
1.144721887479531075e+00
1.144691165485740125e+00
1.144129365892139649e+00
1.139578708494953796e+00
1.145743454464791977e+00
1.147241560670572591e+00
1.143087515093294426e+00
1.144744104913359095e+00
1.147369152071356257e+00
1.148004592126834478e+00
1.143769944679122075e+00
1.143325378873550013e+00
1.147057781542790256e+00
1.146137206636971495e+00
1.150143418706333964e+00
1.150195669182260794e+00
1.147360264692969478e+00
1.144270154068001366e+00
1.151503893698984760e+00
1.149267621250783300e+00
1.143392207778978653e+00
1.148693373584305899e+00
1.152044527129757912e+00
1.151171411053506510e+00
1.150240623153539810e+00
1.149783711019370491e+00
1.150543874386295018e+00
1.149894014080341087e+00
1.150174254556214137e+00
1.155549553702357679e+00
1.155266901291775561e+00
1.156771458837241751e+00
1.151057293646271740e+00
1.151696165285756912e+00
1.153425052732435452e+00
1.152172970337951075e+00
1.152957129309418516e+00
1.155293698302374938e+00
1.154198055557833280e+00
1.158595662829600803e+00
1.148763892148630283e+00
1.153914171778302356e+00
1.149287805602240198e+00
1.150261807750720511e+00
1.152078693468338244e+00
1.154891273664485407e+00
1.157816483505409444e+00
1.163022202139867067e+00
1.154732051933074155e+00
1.154561521811164893e+00
1.160421857668204604e+00
1.154983385032514187e+00
1.156845962629186264e+00
1.159231820653772616e+00
1.160976078243907583e+00
1.162778357386623940e+00
1.160251623317450465e+00
1.159833596712251724e+00
1.157318814532029450e+00
1.165847962092116941e+00
1.161938979410812145e+00
1.159358446044395752e+00
1.164675597727477641e+00
1.164711905076351472e+00
1.165209953799149822e+00
1.162955593433302681e+00
1.163888030247283378e+00
1.171156023240119248e+00
1.166528030698682272e+00
1.166475511108916896e+00
1.166968718608871303e+00
1.162207714681270154e+00
1.163528509595408211e+00
1.167574571747739709e+00
1.165726474507158716e+00
1.168766589563664748e+00
1.172834437827781962e+00
1.169051662128966385e+00
1.169637411559097728e+00
1.175580671050003856e+00
1.169449454283703727e+00
1.171912431188662618e+00
1.178666542525931504e+00
1.173633495652171455e+00
1.176198354969834492e+00
1.178510042003130254e+00
1.172845763525822926e+00
1.177464897079305572e+00
1.173448656921666222e+00
1.174492075056298157e+00
1.182648159481040961e+00
1.180846880929776299e+00
1.178079823654919922e+00
1.179736404172514463e+00
1.178638646277395452e+00
1.177267895086181904e+00
1.183042194872127029e+00
1.181356579708293664e+00
1.179287275369956811e+00
1.186539373755950866e+00
1.187282223954273519e+00
1.183419837705443012e+00
1.188064942942478330e+00
1.187762582873900241e+00
1.187110084506991514e+00
1.188859874789518933e+00
1.184275875583787441e+00
1.188803819645580351e+00
1.191571162102517567e+00
1.186786920009154089e+00
1.190837557946252900e+00
1.193725884143181259e+00
1.193569338512041611e+00
1.193762451545339554e+00
1.194673268876649042e+00
1.196219751139442344e+00
1.199226740457596474e+00
1.200818763781094312e+00
1.199913876265221724e+00
1.197014733988282842e+00
1.201564721827784732e+00
1.202201801268269143e+00
1.198782214160197590e+00
1.201724933672100537e+00
1.210890455237539465e+00
1.205106634504041541e+00
1.208414878083225341e+00
1.208971856934575539e+00
1.207408029213147493e+00
1.211601827500863759e+00
1.211818684520413525e+00
1.213384321114186815e+00
1.220107942242581345e+00
1.216322363313820487e+00
1.221000839768170643e+00
1.217824056092256635e+00
1.216721169768768318e+00
1.216714095762994274e+00
1.218074655009834695e+00
1.227684290163438163e+00
1.224338799180473281e+00
1.226212693578422330e+00
1.227726309183791775e+00
1.230021752428962056e+00
1.233188542815160993e+00
1.234848109276577510e+00
1.231927233872554650e+00
1.239196477994559675e+00
1.235143719939733709e+00
1.241128567153078732e+00
1.240221361227926922e+00
1.244103867113142359e+00
1.243531040186254710e+00
1.246660222965940479e+00
1.244558478238300125e+00
1.250002335055778291e+00
1.263737318084409367e+00
1.258783507489897202e+00
1.260841780572577786e+00
1.271300764552832696e+00
1.270373122915575470e+00
1.266577069637329300e+00
1.278279653863372278e+00
1.280168414613020111e+00
1.280361031278555606e+00
1.292090497241954905e+00
1.295941445590750529e+00
1.299839794521270964e+00
1.310173691697339216e+00
1.308055506561290438e+00
1.313890978622646921e+00
1.332001880821753748e+00
1.335601382598023967e+00
1.340151961256543789e+00
1.373238072105070762e+00
1.379573392258472087e+00
1.374845378289279552e+00
1.466631095346769831e+00
1.418163040309234901e+00
1.641129176143111268e+00
1.750544603021611412e+00
3.052383252214441178e+00
1.935953610872860331e+00
1.055719472413233273e+00
2.591085453105719250e+00
2.779061363612458813e+00
1.876538730686884149e+00
4.023482102037500674e+00
8.395269713677272705e+00
1.379179328429624984e+00
3.250426135355281687e+00
3.250622677873236110e+00
3.088537855775489671e+00
3.382690349049152445e+00
1.183992002916645303e+00
2.177367679047899074e+00
1.684382283458844221e+00
3.415054844964437564e+00
1.614442703526563161e+00
1.431966942911610197e+00
2.307063392968945692e+00
2.669061711338733267e-01
1.333555858038319109e+00
1.093983763021568301e+00
2.280933695772049852e+00
1.136518640405100422e+00
3.914905065194846934e+00
1.956173361359411222e+00
4.541435522746184006e+00
1.289564675541141847e+00
4.181063478988884974e+00
2.128565419623347221e+00
1.150420205595414469e+00
2.889348253473924988e+00
1.516841891356196070e+00
1.423313841663049306e+00
1.390012433544960180e+00
5.400537760184895397e+00
4.274776970398701970e+00
1.106332024100137534e+00
1.013052543630865276e+00
1.450364137888074723e+00
2.059285952705934175e+00
3.550271335873767420e+00
2.702678970464233998e+00
5.469579189629798499e-01
1.366384138541980819e+00
8.168171852294729973e-01
1.257404198536175244e+00
3.168132804354113485e-01
2.151200508435681336e+00
2.273225119969971342e+00
7.632279754186160892e-01
9.608335645951788795e-01
1.707375572821636878e+00
2.405398725223093059e+00
1.564537653461944622e+00
1.058512169385678492e+00
2.504904194270706430e+00
2.717038814585776674e+00
2.258062619589264575e+00
2.956023424277051337e+00
3.551660603130892380e+00
8.350114598092590601e-01
1.786706766950990177e+00
1.980112209683258628e+00
9.278421655301146709e-01
5.254008798974083572e-01
5.995867753768472364e-01
2.419783803196907002e+00
1.284893848292538054e+00
4.060317140453385321e+00
5.932807010832572558e-01
3.060856926255793642e+00
1.801977466861985677e+00
2.740743206299050438e+00
2.764272270833258105e+00
2.174670201000486358e+00
1.791458174198583997e+00
2.020916303531671065e+00
1.492357033560043345e+00
8.180068250363997651e-01
1.114605610197493490e+00
3.454114907082177055e+00
4.107068693010596405e+00
2.386755330882236237e+00
2.780248620073255683e+00
1.371844116108211775e+00
1.957193811918854998e+00
2.089399361026373914e+00
2.191882230875943360e+00
4.357880432637213808e+00
1.437742919796226149e+00
2.560971108681902919e+00
1.234578572157828402e+00
2.901267343578185276e+00
1.059801009411220463e+00
1.898296266865908244e+00
5.395331815356398053e+00
2.807934340104343729e+00
7.869406924876243714e+00
4.147972549356926386e+00
4.413647971005755011e+00
2.849449817261654694e+00
5.021040366451637205e+00
7.187362255363929364e+00
5.002826811704091270e+00
4.553970580073145591e+00
5.346070628870724484e+00
5.180818558478998526e+00
1.006954155443105314e+01
8.752084352378965093e+00
1.025415859231620352e+01
3.729522181328475128e+00
1.082161165037310013e+01
3.514489712054762016e+00
6.171354490667809500e+00
8.173731350934387407e+00
1.195479443650520501e+01
1.489888128966204128e+01
3.379323681572509841e+00
1.336242787215496719e+01
1.941782488631192738e+00
5.748660328202487513e+00
7.333983099959753282e+00
5.706236399337998755e+00
3.899202531198429078e+00
8.269442520460088986e+00
1.297676208875414794e+00
3.004303603392110666e+00
7.271443265077569329e+00
6.900433790607875650e+00
1.195682558633030901e+01
4.943493968450621168e+00
1.342493881639510356e+01
1.277425938061971955e+01
6.649540620355035792e+00
8.562250432829356939e+00
7.549532973119697843e+00
5.012842104532673204e+00
1.057042895031199059e+01
5.856728585193586412e+00
1.027174326502615465e+01
1.131151475942162676e+01
6.688817153013996375e+00
8.022449158097211708e+00
5.253282344194138531e+00
6.416776579746061415e+00
3.552157921977444399e+00
3.223451287155953526e+00
1.096939387488047402e+01
5.433572948917513301e+00
7.440459175940057790e+00
3.454528570748595317e+00
6.903018587937855166e+00
5.021548026163100253e+00
8.392743763201178098e+00
2.015034136655385666e+00
6.903971580015044740e-01
4.545613340698574589e+00
4.412912883559267030e+00
5.725028072728341577e+00
1.909247325944714024e+00
5.902500353703576508e+00
1.535122067549832270e+00
1.477437476730314447e+00
5.214545109069557149e+00
2.230576162255120565e+00
9.388870413871632792e+00
3.685324030233769754e+00
6.506470011998301217e+00
1.202702892201837948e+01
7.168563874316267182e+00
4.838268352664680805e+00
1.039113482119385878e+01
6.457221713333145097e+00
6.102354060663421009e+00
1.125556508377356657e+01
9.314129166261890802e-01
7.263183855925110954e+00
1.042683700077796161e+01
9.359435835011677085e+00
1.934782135050649998e+00
4.273160720872940743e+00
1.961483855003614707e+01
1.219665114430965591e+00
1.205945927446606269e+01
1.559676605185171638e+01
1.401537626244128454e+01
4.687845897173012588e+00
3.079120514210779813e+00
6.142829879241434199e+00
6.297513324277174362e+00
1.138220293618247420e-01
5.879175775920186808e+00
2.258025975146420450e+00
6.379575888667698536e+00
6.336332893212352602e+00
6.894269711384052535e+00
8.893960490389032358e+00
5.223279696733505340e+00
3.415369964783044221e+00
5.258220748920232168e+00
2.823875439332995008e+00
5.308184575770305891e+00
5.928217689898783505e+00
7.711770693932218812e+00
1.579336043210493123e+01
8.059960565429234336e+00
5.021510191113002008e+00
5.182778536015698378e+00
9.132156377957509008e+00
1.220539433371626892e+01
8.753381667464030791e-01
2.670352675178383262e+00
9.119729208936764309e+00
3.354585351501522816e-01
6.559651020182834635e+00
7.499446042840536286e+00
7.790561689267333279e+00
2.790238793752550794e+00
8.103015272198680563e+00
4.402968826237698252e+00
4.219457179448442119e+00
1.183633922384531800e+01
4.228610918801508411e+00
7.573025024969806118e+00
3.905264773786333965e+00
3.467469442533364532e+00
1.210685512142334552e+00
2.269645859713592451e+00
5.452045001478440511e+00
3.083120523576564409e+00
3.624288624339418785e+00
4.553993342350545204e-01
3.281246189086911347e+00
5.662214118193512391e+00
3.850796074473488151e+00
2.601415500550134485e+00
6.867889822072978490e+00
5.100248939663549308e+00
8.117523923305958178e-01
7.921715620355695542e+00
9.481825561463368857e+00
6.916671931964159192e+00
3.338409123058304395e+00
4.971693754156885525e+00
6.575404963320611529e+00
8.767734926780631710e+00
1.490478045184119305e+00
6.731833885044848031e+00
3.961224402742022033e+00
7.419421648961978200e+00
4.526195853787615242e+00
8.351931165540502633e+00
4.945680250168837055e+00
1.035500845384409274e+01
1.719874603291721371e+00
5.223569779756251030e+00
9.984822522412711621e+00
5.680882381820567595e+00
2.948980665182916461e+00
5.001041503757535089e+00
4.419430165962145551e+00
6.577944866497351661e+00
9.936357843289972180e+00
5.041538642075480858e+00
7.134115213803006839e+00
1.106696299438585562e+01
3.373355305601226650e+00
1.614168077785007682e+01
6.998678473919344611e+00
1.129433852590488208e+01
7.777677170893310787e+00
5.435424309918928110e+00
1.235744041725043374e+01
3.677034098200616441e+00
8.003111543009033824e+00
2.868555904764725106e+00
3.558123154289752677e+00
6.044503318213132914e+00
2.946709469957206728e+00
1.685581713544366478e+00
1.628055065018437331e+00
9.204939695663598709e-01
3.669636765206720330e+00
4.769539615437506264e+00
2.382892388417324092e+00
4.487702034591167788e+00
4.862977345996863932e+00
4.726174123403013461e+00
3.144564135155585749e+00
3.046745503593143223e+00
3.435189412004802101e+00
4.215642590041501769e+00
1.571964462250289740e+00
5.694181766965176195e-01
3.800247653653912927e+00
5.048523972101344182e-01
1.578148032189668815e+00
1.669822463608404028e+00
4.125308781594854146e+00
3.239345827209954010e+00
2.423135232867085875e+00
2.222659876026235271e+00
1.774701446463385457e+00
2.090177903955950267e+00
4.848592670095093204e-01
2.025186556702351481e+00
2.008579381218224214e+00
1.801654984401330983e+00
1.431685188496285788e+00
1.239971990160462667e+00
1.422523026783580669e+00
1.054783767552346596e+00
2.546979397864983952e+00
1.213481815563959065e+00
1.634289905420693856e+00
1.418593886453795472e+00
1.315109438307659140e+00
1.221410296496320935e+00
1.041319340306774643e+00
9.786062068789218582e-01
1.066928710418141080e+00
1.121904519472417538e+00
1.141388128646072975e+00
1.263645565938981585e+00
1.255664656305538029e+00
1.393130201779904542e+00
1.376705804326298077e+00
2.553608482027398985e+00
2.112105904918028632e+00
3.083364840843809129e-01
1.878848208532761355e+00
1.812847807080976814e+00
1.320410544183256540e+00
1.487328542961422251e+00
1.003869567017116271e+00
2.225345156612012154e+00
2.413357536205736675e+00
2.839189334053995317e+00
1.590647158255924065e+00
4.236142054100241694e+00
2.224300858968373262e+00
1.577285694150721618e+00
3.888785621384851510e-01
2.633405169447089467e+00
3.462462157794507611e+00
2.030279497524986265e+00
9.174734900793662939e-01
1.668434753939222803e+00
1.461162160945606581e-01
2.628936227062683706e+00
2.053911202700088534e+00
1.231223448548506516e+00
1.496248238031858246e+00
1.260062754980579625e+00
2.801539744317216751e+00
1.321267831852504626e+00
1.294897989451091691e+00
9.472271674338651470e-01
4.915375795828860750e-01
1.233410364545139970e+00
5.816247924242620160e-01
1.873447049162967337e+00
3.132318426565885883e+00
2.845512934662027149e+00
1.862740749436506249e+00
3.792481791279766590e+00
3.216816356446308589e+00
2.555090060631067583e+00
3.664634232681402981e-01
1.944158754089610142e+00
2.810673249743016910e+00
1.355555337399005467e+00
1.762226006990614158e+00
1.246995092504372682e+00
1.077515156858004142e+00
6.105146140969681667e+00
7.953992358278835439e+00
3.185039869240935850e+00
2.601425742906810612e+00
4.427285676852482865e+00
3.131653214738570945e+00
2.320476875396944472e+00
7.052287212504940506e+00
6.122838454478249481e+00
3.421866693762827261e+00
5.221513046641984346e+00
1.234124237445179517e+01
6.937214134670108834e+00
6.602492777861712625e+00
2.263967875324329970e+00
1.358451710186826844e+01
9.791721042829699684e+00
6.301506314728578140e+00
1.290645829269038813e+00
4.667417158406712119e+00
8.781290300597200726e+00
9.477268290792919103e+00
1.154528196619806835e+01
2.679463689343645427e+00
9.648763764444543867e+00
6.638729693405065468e+00
1.216978347544363181e+01
9.702643276840667852e-01
3.514842463386606219e+00
1.543414850459866905e+01
4.091087699325735905e+00
2.075439986573465845e+01
1.281187670073065732e+01
2.097369774966634992e+01
1.343730859163422586e+01
1.363173076880968182e+01
1.258484139683961978e+01
1.899416713175861249e+00
7.611289866817338101e+00
1.727638268625006646e+01
6.484245126671189574e+00
3.288789685551304132e+00
3.810942444934953155e+00
7.651328497913004512e+00
2.563273670654872305e+01
1.674087145775703434e+01
1.288308638111432813e+01
3.486627262796734517e+00
5.110730017539497183e+00
9.788662335933041803e+00
1.458731477414522359e+01
6.447766229788009618e+00
5.378591047424042593e+00
1.487964794798858792e+00
4.507029816061549177e+00
7.220214036787042211e+00
7.014657106071817694e+00
5.709976783232793451e+00
3.235690395944669895e+00
1.221528288681812846e+01
5.173343466571053817e+00
7.616040859964554599e+00
1.066322728633747552e+01
1.687555032445969161e+01
8.548100669462359136e+00
1.029268900987237245e+01
2.337396844505677862e+00
1.244998528711876773e+01
8.304413343713511253e+00
1.448878196716361622e+01
3.599241154820921107e+00
1.474622632002117584e+01
1.702339769978977913e+01
3.486879182232403007e+00
1.762503235553920433e+01
3.964242241969880176e+00
9.694482145373120474e+00
1.159277559135392544e+01
8.097757966257978168e+00
1.002578986942036643e+01
4.307154790568056058e+00
8.928361204680870244e+00
6.841074454160079199e+00
1.362956666516239146e+01
8.745797018619160923e+00
1.373965174985530702e+01
9.031111596896895577e+00
1.404004035594629762e+01
4.990575723022590893e+00
1.143369875514143708e+01
7.746302703150023561e+00
9.368598708389805907e+00
2.785216453604278719e+00
1.847768530057275527e+01
6.119196738995510643e+00
1.862805564282607307e+01
3.671224620813589468e+01
1.840226988915243211e+01
1.467369293214425952e+01
7.658821796454163611e+00
1.506128575363147526e+01
7.791339440373819869e+00
9.026360717059122019e-01
5.950470190969776141e+00
6.970562130172532456e+00
9.643793798941143081e+00
2.207995302826340822e+00
7.839996290690539382e+00
2.942555473147791201e+00
5.122880488655594533e+00
9.086573924148758863e+00
6.262298073018140343e+00
2.720252217629775870e+00
4.015842933912456836e+00
9.118507421460497753e+00
8.198625971060494066e+00
4.702044730670183803e+00
3.910460856780063832e+00
6.910911458718052458e+00
1.023796372110130637e+00
2.488160210063320221e+00
8.437107955247592272e+00
4.256506878951213935e+00
2.725785378545264148e+00
6.028046137459145193e+00
4.082478829913863017e+00
8.761184950098153124e+00
1.741943292930007603e+00
4.173032222400061553e-01
3.246147563517957746e+00
1.495172046945171473e+00
1.738527048004969044e+00
1.459529084208001093e+00
2.284216937460138208e+00
6.679110262060784287e+00
3.761627213472342302e+00
7.961207340646294650e-01
2.258836191375201530e+00
4.374534492204983915e-01
1.912577340990724073e+00
1.537228705451156419e+00
1.480592666051922857e+00
1.998146541112718833e+00
2.812073747078029484e+00
7.620458667237336448e-01
4.893449195156125420e-01
1.876661190807812352e+00
1.242132902681455819e+00
3.840477571122496436e-01
1.319297932330303125e+00
2.271601314270491834e+00
3.770314905559701835e-01
2.467778235540088794e+00
1.773806897245997938e+00
2.126950581658906270e+00
1.994803516402665622e+00
1.682321946388223077e+00
6.285087959246997702e-01
5.343108267749808737e-01
2.014492235929417507e+00
2.072404635544526030e+00
1.652660974169519736e+00
1.412921666316818259e+00
1.360561345369716735e+00
1.210573638478834591e+00
6.995836098725194407e-01
1.733609724248738271e+00
2.197502793795314879e+00
1.749872509264899678e+00
2.407710938542816592e+00
1.711564451743531112e+00
1.557762953429771002e+00
1.174206918426671464e+00
1.308188343112423047e+00
8.224395351441479152e-01
2.108663983981334589e+00
1.992080177281695619e+00
2.896581907334280448e+00
1.750847653511869328e+00
1.923602579620386388e+00
2.207291052155300193e+00
5.692571641692371065e-01
1.438771101339311409e+00
1.436984998570549621e+00
1.808123954051118698e+00
4.791444693000210253e-01
2.021690316376067997e+00
1.942965989162725782e+00
5.510016641402252224e-01
1.574125737088198251e+00
2.451913492722768595e+00
1.774522264115866221e+00
8.748835502721364898e-01
2.282135606809518436e+00
1.864775486136169835e+00
8.808111840519563529e-01
2.552136556044192872e+00
8.039340113838698842e-01
1.790935040513336185e+00
1.807814931572386818e+00
5.492685971521656940e-01
1.892125866804497791e+00
1.997789601304653440e+00
1.950320466531573871e+00
1.712426929849999446e+00
2.513440125610876041e+00
2.162495283356400400e+00
1.900348623832190498e+00
2.352159974134810039e+00
2.754870895033091571e+00
2.089408239384187738e+00
1.519373478509805087e-01
2.181901255934875383e+00
1.889855358794652052e+00
1.250203078373626209e+00
2.653795519139799275e+00
2.220259143027653259e+00
2.043541649156447093e+00
7.021016491491051115e-01
1.094236749319548396e+00
2.895710412562386704e+00
2.559600592400316010e+00
1.823203898489518915e+00
1.618403472610275173e+00
1.617721822720846303e+00
1.100490816348018264e+00
2.196164548812751693e+00
1.794762406734061733e+00
2.467232216719754678e+00
7.209807545294398823e-01
1.919839751279890372e+00
1.029300389440455543e+00
1.708170650664823098e+00
2.549206807577529599e+00
1.476266657261616100e+00
2.293464930266548851e+00
1.252811470637224645e+00
2.821829703700580172e+00
1.821159312414210918e+00
2.637627924172185612e+00
2.318357428050658253e+00
8.919358206589970972e-02
2.423559701416069689e+00
2.607454577978677523e+00
1.343638382700988565e+00
2.020191417039153059e+00
2.431987505021723006e+00
9.043741753141939510e-01
2.329826476307359506e+00
9.437083637359053867e-01
2.769812877371428339e+00
2.384925926223462334e+00
1.740480101743831831e+00
2.232440965448045045e+00
1.512898938719981379e+00
1.716849177039054597e+00
2.689719501953735215e+00
1.897711503025468538e+00
9.856553435769183080e-01
1.953180546772308013e+00
3.019374491467813559e+00
3.209095413424710941e+00
1.149071042292108880e+00
1.811413328855581595e+00
1.846934212646759610e+00
1.883763436095357680e+00
1.448467173897389104e+00
1.286493986314079629e+00
7.863424132648099141e-01
2.237639899724209069e+00
1.128180900602723691e+00
1.474098059009045558e+00
4.953118204042364914e-01
2.285999208663487270e+00
4.219122990729170297e+00
7.142008281759415489e-01
2.121735085979452151e+00
2.421733702927448828e+00
2.093279345957853810e+00
1.920473075729027812e+00
2.335073347408675115e+00
1.043433158470104205e+00
1.663097531478367808e+00
1.973343615526021777e+00
1.191126868859039956e+00
1.758104577777429123e+00
2.210475471143360959e+00
2.162745063300884674e+00
2.403237882524914770e+00
1.811222068793440831e+00
2.543339127263692490e+00
2.389334207516516262e+00
9.994161122368787620e-01
2.385003454582449667e+00
2.237257426923664028e+00
1.878638569580216355e+00
2.077633244661677203e+00
2.089048161622760080e+00
2.089219073882521815e+00
2.147587668102169278e+00
2.153599936215841115e+00
2.403553303204834179e+00
1.458941667477697379e+00
1.788173641984295958e+00
2.592485275071168438e+00
2.273290109900525824e+00
1.597780821955606667e+00
2.925300846227056883e+00
1.188471750443821806e+00
2.681481342209769192e+00
2.864348529979492852e+00
1.017195254120360604e+00
1.791790021736906269e+00
3.507693374248732177e+00
3.952104143437327632e+00
2.379140091040114147e+00
2.566579996148422360e+00
2.509026961149357859e+00
1.840951016285661934e+00
3.443702774575410519e+00
2.339233453664010476e+00
5.609009519535927968e-01
2.878215151528996874e+00
2.254982506141064658e+00
3.303164497335604022e+00
1.101854695706105280e+00
2.520515199980631227e+00
3.039063729578209472e+00
2.850676440682240020e+00
6.518410341827886256e+00
5.716133901380882953e+00
2.958589652092266764e+00
4.610682113120486925e+00
9.349859116018521377e+00
7.451313795363363468e+00
6.429286104511491295e+00
8.824459578132101356e+00
2.866713937031821313e+00
9.793405808714572558e+00
3.383843555541139025e+00
2.078706112956515639e+00
2.583001190862106000e+00
5.977527028008408294e+00
4.195910013039473974e+00
6.787988625149522504e-01
8.526632348625490465e+00
2.713469074409949666e+00
3.591931174642300384e+00
6.125563282458221792e+00
1.528333338056987856e+01
1.365662858361580589e+01
5.670577711684474664e+00
4.429696385947986315e+00
1.026873224842799459e+01
4.031861982978767855e+00
7.178711179720080438e+00
8.229727034578411704e+00
5.287060259049677136e+00
1.614223153502726404e+01
1.060644218937456706e+01
5.474839355211631009e+00
5.664208155126415178e+00
8.433830791122515436e+00
1.562967056143970623e+01
4.163074428592994813e+00
6.962424611670018137e+00
3.448212870608792890e+00
9.344548445736213793e+00
8.604000146729115173e+00
8.477292250242481231e+00
3.123019328430847619e+00
4.329114472011609038e+00
3.820457390313206414e+00
7.363859182022118866e+00
8.548585448103956708e+00
1.343353900500044329e+00
2.738600624427467434e+00
7.643580005284338341e+00
4.165708888566308055e+00
8.492547967939153564e-01
4.951652647335146540e+00
7.812962981944743035e+00
6.453706302964067554e+00
2.349685064744022611e+00
5.533953893031413607e+00
3.904298468848335535e+00
6.926001237169083780e+00
9.175617003564811469e+00
4.245924300302370114e+00
4.049303712998823634e+00
1.543427721769230709e+00
2.793237306576977774e-01
1.367923424246069608e+00
2.687846279813391970e+00
8.043746962912338816e+00
5.659346061987394094e+00
2.332987492523681983e+00
1.011529505445820432e+00
4.412764618449569909e+00
9.068790969832745574e+00
1.915916906572418421e+00
4.987730303480791605e+00
8.915149799795102581e+00
7.488751074384736306e+00
1.096873721789025646e+00
4.062781750344334419e+00
1.465306560235020816e+00
2.605357965524660813e+00
2.971722905904599976e+00
3.215080250977147891e+00
2.673161323155880620e+00
8.038290800868550079e+00
4.201383108234458597e+00
3.697447136380316746e+00
1.297611407247940774e+00
2.720423116205777259e+00
6.044536864522409125e+00
1.984955782081551323e+00
4.191117483106200581e+00
1.040576247057234838e+01
7.665437813153519464e-01
7.647945582207360538e+00
4.209017764233093928e+00
5.920895194239186310e+00
8.571733339522520367e+00
5.156541547595259622e+00
7.379043675882248188e+00
7.853751713059005546e+00
4.279838235186815609e+00
9.426173214096696285e+00
3.523088886126374053e+00
6.944148914035580766e+00
4.712180088686108270e+00
4.678116801193722196e+00
4.654604066475748425e+00
7.005352250034300177e+00
5.096653958089994774e+00
5.723034161042263257e+00
3.995378558621182297e+00
1.135370923635781715e+01
1.399199419161358371e+01
4.803971322388893128e+00
6.374043639022476171e+00
5.913822505780823136e+00
6.045142019141800382e+00
1.076160390830174940e+01
1.353255421747553555e+01
3.750302247370737252e+00
2.439438509168145863e+00
5.484021014548336126e+00
4.045900382424288289e+00
1.369682276403292853e+01
1.009131555928417789e+01
2.645321813083351792e+00
1.560498030317229379e+01
6.345160537185880578e+00
3.297923441687482526e+00
1.576850121344135403e+01
9.240444730323050138e+00
5.571783484669162512e+00
4.402380901073460251e+00
4.584600347251394759e+00
1.333052522995039624e+00
1.411381580855553608e+01
2.767921951071720787e+00
8.201720048950294384e+00
6.975604712722389689e-01
3.685701672011099994e+00
1.223812358568257652e+00
1.125447915521513487e+01
4.348462564810544606e+00
7.425690903873456428e+00
7.565823343081639063e-01
1.074956382861202187e+01
1.040358126032580088e+01
1.212609011599417386e+01
5.898394167839290603e+00
2.495268465420933168e+00
2.401378576950981447e+00
4.985461465033351303e+00
2.332938442800251533e+00
8.446739998124661142e+00
5.826349640904787464e+00
4.557655516017986130e+00
4.118713450712159663e+00
9.649857478165680291e+00
8.673926551513352123e+00
9.262212480254984115e+00
3.237389459123468871e+00
8.235557454495618046e+00
9.228665288007478651e+00
5.531376529592733071e+00
1.716690056175898604e+01
7.227001957556002054e+00
4.212458222161388766e-01
2.651712321410246265e+00
2.838895832687657883e+00
3.491154510150308532e+00
5.620962004937863021e+00
5.992262927947582085e+00
8.134208944565356703e+00
1.267828591678030392e+01
8.139916811528392415e+00
1.369347750108284245e+00
1.430256664065714389e+00
4.418788101799188794e+00
1.973217170932501929e+01
2.136469137246331584e+00
5.375719198812019428e+00
3.739108224083944609e+00
1.203816432801875180e+01
1.099275487288509545e+01
8.185147177646456385e+00
2.041159210530986368e+00
1.764553907014486356e+01
1.475497041266736886e+01
9.958832989762463228e+00
1.611503226003269518e+01
2.304973836759117489e+01
2.814184291831325524e+01
2.512862550222327229e+01
1.695132543654396784e+01
6.147672509946009889e+00
4.508720930519133141e+00
1.658100614336095235e+00
7.154915248380183890e+00
1.056127277253138175e+01
1.585392122433664852e+01
1.146928524673225169e+01
2.984176122190793645e+00
1.667892379942937708e+01
4.136464119503453496e+00
1.159552180597740723e+01
9.263663048574406034e+00
8.089096547669168302e+00
1.868604549920149127e+00
5.728713987881881131e+00
9.379899302429059560e+00
9.487948242217736805e+00
9.179386611428581588e+00
1.027634085718912971e+01
1.069258342953932939e+01
8.059076089716548097e+00
1.225269430669685100e+01
2.421079669124981848e+01
2.098048464789860290e+01
2.114566204290981855e+00
4.770949352094586260e+00
1.658743010366129766e+01
4.619733795939844789e+00
6.157479474387216101e+00
2.351616638579402618e+00
4.326380931892852999e+00
1.537304217969842179e+00
3.649125348466260910e+00
4.620735974073319596e+00
6.221442585215600118e+00
9.104263514455627870e+00
7.363325241394212739e+00
8.108370547513644055e+00
1.050185286180562372e+01
9.624534877990459592e+00
6.264414163405803038e+00
5.759529059191533129e+00
1.733574896781366448e+01
3.791688246038616761e+00
7.610447640956872206e+00
7.736521107370043282e+00
5.491917887624479633e+00
1.148640604333841253e+01
9.036516467609139625e+00
1.020229231191422592e+01
7.799604025785698447e+00
1.634007117410676813e+01
2.031701095479471064e+01
9.874740350031457226e+00
2.875205493358330244e+01
1.991028633480910415e+01
1.630743713573292908e+01
2.536963217815410943e+01
2.150401008887779497e+01
1.240093805179788511e+01
1.158065569911899750e+01
2.310292348129233986e+01
1.577473167441129576e+01
1.003947098044366015e+01
8.747968647195127900e+00
3.651640630589245262e+01
2.930576512216516605e+01
1.859088827425078350e+01
3.016670171565242597e+01
1.707783826440726926e+01
1.299023714099877225e+01
2.092138229857792453e+01
2.807747899603027264e+01
1.636270446630581077e+01
1.878395153281173080e+01
1.999933037953685400e+01
2.460276698432743814e+01
9.937619289756963070e+00
1.475467182142801725e+01
4.389390657452694633e+00
6.520672541424784363e+00
2.057061025180725977e+01
2.040975231546434543e+01
2.479233125494613788e+01
2.775684021956337233e+01
3.240909653077057584e+01
2.780117400730490473e+01
2.153171372063260591e+01
2.393551549095219499e+01
3.895376098814375609e+01
1.673934904791778777e+01
1.948084090759729392e+01
1.772592359100394788e+01
7.287358373575829162e+00
9.296043221619511243e+00
1.110484653427343105e+01
2.658561546811570153e+01
2.593021479291173037e+01
1.663797787057404776e+01
1.507400050024133265e+01
2.505119484896464854e+01
4.190641225301251183e+01
2.899592285009932979e+01
1.057548825509766921e+01
2.181170270710704173e+01
1.035864273341646680e+01
2.769177137108859554e+01
3.356321940926313641e+00
1.216043826204410827e+01
1.273134955294418624e+01
1.717502887883221518e+01
1.340971881767550542e+02
8.265345269207651313e+01
1.664188284954344610e+01
1.766320727521318190e+01
5.457594876495397074e+01
7.542098334272216675e+01
3.514391430603924249e+01
2.250628256276004535e+01
2.476031236789878065e+01
3.006766269207247078e+01
1.195834665246250950e+01
2.436770517682601334e+00
3.844918105425254140e+01
4.120262305931964164e+01
4.374280116778466976e+01
1.589088851535634639e+01
3.786211174019702952e+01
3.775926716448662290e+01
3.521856566286383838e+01
2.244916827240956891e+01
2.971349052226948118e+01
2.843908556562066181e+01
1.812350615570960883e+02
4.943824245599882516e+01
3.529988380444963525e+01
5.788072587956820314e+01
3.860114402198654915e+01
4.109827668418197533e+01
1.242635701300767970e+01
8.732946950764947758e+01
1.389224946994065419e+02
8.926048825943324516e+01
1.434538602475561504e+02
1.172279297155538558e+02
5.761256579148981416e+01
5.490021770312602634e+00
7.798677977595154687e+01
4.055550245880574067e+01
9.143042535470419807e+01
2.378080692065353929e+01
6.337914942136386998e+01
9.884382132547308686e+01
1.466926681096743152e+02
1.702401843119785383e+02
1.536445991326183957e+02
1.476776210974062451e+02
1.828711747133081076e+02
7.968294105691141738e+01
1.057415514901986029e+02
1.554900489420045915e+02
1.117211902042021876e+02
1.125782066720603893e+02
1.396824862743530673e+02
1.333471856300326692e+02
1.297963428090935167e+02
7.283319774354683318e+01
1.242746197696276766e+02
3.178123939763654562e+02
4.291526735203495377e+02
7.405133981702767869e+02
1.139135083291272849e+03
1.983759136635606524e+02
2.346938013385388615e+02
1.412057436353335049e+02
5.969635386287480827e+01
8.315018850281035157e+01
2.039106492770939383e+02
1.063215602115902385e+02
1.663041953021570976e+02
4.647281580781303205e+02
5.224875081482404227e+01
8.150352293392569436e+01
8.111981678038669941e+01
7.388556806577915381e+01
8.195729022344836778e+01
7.307869521773986321e+01
1.199709255916847042e+02
7.427414398763646375e+01
1.599691449292737389e+02
1.600999167887243004e+02
7.837487336235902546e+01
1.056181794318180351e+02
1.341841371297809644e+02
7.968197452164509968e+02
7.610112559297974713e+02
1.537071762164254665e+02
4.010091558570026393e+01
9.678873697916666075e+00
