0.000000000000000000e+00
1.627604166666666576e-04
3.255208333333333153e-04
4.882812500000000000e-04
6.510416666666666305e-04
8.138020833333332611e-04
9.765625000000000000e-04
1.139322916666666522e-03
1.302083333333333261e-03
1.464843750000000000e-03
1.627604166666666522e-03
1.790364583333333261e-03
1.953125000000000000e-03
2.115885416666666522e-03
2.278645833333333044e-03
2.441406250000000000e-03
2.604166666666666522e-03
2.766927083333333044e-03
2.929687500000000000e-03
3.092447916666666522e-03
3.255208333333333044e-03
3.417968750000000000e-03
3.580729166666666522e-03
3.743489583333333044e-03
3.906250000000000000e-03
4.069010416666666088e-03
4.231770833333333044e-03
4.394531250000000000e-03
4.557291666666666088e-03
4.720052083333333044e-03
4.882812500000000000e-03
5.045572916666666088e-03
5.208333333333333044e-03
5.371093750000000000e-03
5.533854166666666088e-03
5.696614583333333044e-03
5.859375000000000000e-03
6.022135416666666088e-03
6.184895833333333044e-03
6.347656250000000000e-03
6.510416666666666088e-03
6.673177083333333044e-03
6.835937500000000000e-03
6.998697916666666088e-03
7.161458333333333044e-03
7.324218750000000000e-03
7.486979166666666088e-03
7.649739583333333044e-03
7.812500000000000000e-03
7.975260416666666088e-03
8.138020833333332177e-03
8.300781250000000000e-03
8.463541666666666088e-03
8.626302083333332177e-03
8.789062500000000000e-03
8.951822916666666088e-03
9.114583333333332177e-03
9.277343750000000000e-03
9.440104166666666088e-03
9.602864583333332177e-03
9.765625000000000000e-03
9.928385416666666088e-03
1.009114583333333218e-02
1.025390625000000000e-02
1.041666666666666609e-02
1.057942708333333218e-02
1.074218750000000000e-02
1.090494791666666609e-02
1.106770833333333218e-02
1.123046875000000000e-02
1.139322916666666609e-02
1.155598958333333218e-02
1.171875000000000000e-02
1.188151041666666609e-02
1.204427083333333218e-02
1.220703125000000000e-02
1.236979166666666609e-02
1.253255208333333218e-02
1.269531250000000000e-02
1.285807291666666609e-02
1.302083333333333218e-02
1.318359375000000000e-02
1.334635416666666609e-02
1.350911458333333218e-02
1.367187500000000000e-02
1.383463541666666609e-02
1.399739583333333218e-02
1.416015625000000000e-02
1.432291666666666609e-02
1.448567708333333218e-02
1.464843750000000000e-02
1.481119791666666609e-02
1.497395833333333218e-02
1.513671875000000000e-02
1.529947916666666609e-02
1.546223958333333218e-02
1.562500000000000000e-02
1.578776041666666435e-02
1.595052083333333218e-02
1.611328125000000000e-02
1.627604166666666435e-02
1.643880208333333218e-02
1.660156250000000000e-02
1.676432291666666435e-02
1.692708333333333218e-02
1.708984375000000000e-02
1.725260416666666435e-02
1.741536458333333218e-02
1.757812500000000000e-02
1.774088541666666435e-02
1.790364583333333218e-02
1.806640625000000000e-02
1.822916666666666435e-02
1.839192708333333218e-02
1.855468750000000000e-02
1.871744791666666435e-02
1.888020833333333218e-02
1.904296875000000000e-02
1.920572916666666435e-02
1.936848958333333218e-02
1.953125000000000000e-02
1.969401041666666435e-02
1.985677083333333218e-02
2.001953125000000000e-02
2.018229166666666435e-02
2.034505208333333218e-02
2.050781250000000000e-02
2.067057291666666435e-02
2.083333333333333218e-02
2.099609375000000000e-02
2.115885416666666435e-02
2.132161458333333218e-02
2.148437500000000000e-02
2.164713541666666435e-02
2.180989583333333218e-02
2.197265625000000000e-02
2.213541666666666435e-02
2.229817708333333218e-02
2.246093750000000000e-02
2.262369791666666435e-02
2.278645833333333218e-02
2.294921875000000000e-02
2.311197916666666435e-02
2.327473958333333218e-02
2.343750000000000000e-02
2.360026041666666435e-02
2.376302083333333218e-02
2.392578125000000000e-02
2.408854166666666435e-02
2.425130208333333218e-02
2.441406250000000000e-02
2.457682291666666435e-02
2.473958333333333218e-02
2.490234375000000000e-02
2.506510416666666435e-02
2.522786458333333218e-02
2.539062500000000000e-02
2.555338541666666435e-02
2.571614583333333218e-02
2.587890625000000000e-02
2.604166666666666435e-02
2.620442708333333218e-02
2.636718750000000000e-02
2.652994791666666435e-02
2.669270833333333218e-02
2.685546875000000000e-02
2.701822916666666435e-02
2.718098958333333218e-02
2.734375000000000000e-02
2.750651041666666435e-02
2.766927083333333218e-02
2.783203125000000000e-02
2.799479166666666435e-02
2.815755208333333218e-02
2.832031250000000000e-02
2.848307291666666435e-02
2.864583333333333218e-02
2.880859375000000000e-02
2.897135416666666435e-02
2.913411458333333218e-02
2.929687500000000000e-02
2.945963541666666435e-02
2.962239583333333218e-02
2.978515625000000000e-02
2.994791666666666435e-02
3.011067708333333218e-02
3.027343750000000000e-02
3.043619791666666435e-02
3.059895833333333218e-02
3.076171875000000000e-02
3.092447916666666435e-02
3.108723958333333218e-02
3.125000000000000000e-02
3.141276041666666435e-02
3.157552083333332871e-02
3.173828125000000000e-02
3.190104166666666435e-02
3.206380208333332871e-02
3.222656250000000000e-02
3.238932291666666435e-02
3.255208333333332871e-02
3.271484375000000000e-02
3.287760416666666435e-02
3.304036458333332871e-02
3.320312500000000000e-02
3.336588541666666435e-02
3.352864583333332871e-02
3.369140625000000000e-02
3.385416666666666435e-02
3.401692708333332871e-02
3.417968750000000000e-02
3.434244791666666435e-02
3.450520833333332871e-02
3.466796875000000000e-02
3.483072916666666435e-02
3.499348958333332871e-02
3.515625000000000000e-02
3.531901041666666435e-02
3.548177083333332871e-02
3.564453125000000000e-02
3.580729166666666435e-02
3.597005208333332871e-02
3.613281250000000000e-02
3.629557291666666435e-02
3.645833333333332871e-02
3.662109375000000000e-02
3.678385416666666435e-02
3.694661458333332871e-02
3.710937500000000000e-02
3.727213541666666435e-02
3.743489583333332871e-02
3.759765625000000000e-02
3.776041666666666435e-02
3.792317708333332871e-02
3.808593750000000000e-02
3.824869791666666435e-02
3.841145833333332871e-02
3.857421875000000000e-02
3.873697916666666435e-02
3.889973958333332871e-02
3.906250000000000000e-02
3.922526041666666435e-02
3.938802083333332871e-02
3.955078125000000000e-02
3.971354166666666435e-02
3.987630208333332871e-02
4.003906250000000000e-02
4.020182291666666435e-02
4.036458333333332871e-02
4.052734375000000000e-02
4.069010416666666435e-02
4.085286458333332871e-02
4.101562500000000000e-02
4.117838541666666435e-02
4.134114583333332871e-02
4.150390625000000000e-02
4.166666666666666435e-02
4.182942708333332871e-02
4.199218750000000000e-02
4.215494791666666435e-02
4.231770833333332871e-02
4.248046875000000000e-02
4.264322916666666435e-02
4.280598958333332871e-02
4.296875000000000000e-02
4.313151041666666435e-02
4.329427083333332871e-02
4.345703125000000000e-02
4.361979166666666435e-02
4.378255208333332871e-02
4.394531250000000000e-02
4.410807291666666435e-02
4.427083333333332871e-02
4.443359375000000000e-02
4.459635416666666435e-02
4.475911458333332871e-02
4.492187500000000000e-02
4.508463541666666435e-02
4.524739583333332871e-02
4.541015625000000000e-02
4.557291666666666435e-02
4.573567708333332871e-02
4.589843750000000000e-02
4.606119791666666435e-02
4.622395833333332871e-02
4.638671875000000000e-02
4.654947916666666435e-02
4.671223958333332871e-02
4.687500000000000000e-02
4.703776041666666435e-02
4.720052083333332871e-02
4.736328125000000000e-02
4.752604166666666435e-02
4.768880208333332871e-02
4.785156250000000000e-02
4.801432291666666435e-02
4.817708333333332871e-02
4.833984375000000000e-02
4.850260416666666435e-02
4.866536458333332871e-02
4.882812500000000000e-02
4.899088541666666435e-02
4.915364583333332871e-02
4.931640625000000000e-02
4.947916666666666435e-02
4.964192708333332871e-02
4.980468750000000000e-02
4.996744791666666435e-02
5.013020833333332871e-02
5.029296875000000000e-02
5.045572916666666435e-02
5.061848958333332871e-02
5.078125000000000000e-02
5.094401041666666435e-02
5.110677083333332871e-02
5.126953125000000000e-02
5.143229166666666435e-02
5.159505208333332871e-02
5.175781250000000000e-02
5.192057291666666435e-02
5.208333333333332871e-02
5.224609375000000000e-02
5.240885416666666435e-02
5.257161458333332871e-02
5.273437500000000000e-02
5.289713541666666435e-02
5.305989583333332871e-02
5.322265625000000000e-02
5.338541666666666435e-02
5.354817708333332871e-02
5.371093750000000000e-02
5.387369791666666435e-02
5.403645833333332871e-02
5.419921875000000000e-02
5.436197916666666435e-02
5.452473958333332871e-02
5.468750000000000000e-02
5.485026041666666435e-02
5.501302083333332871e-02
5.517578125000000000e-02
5.533854166666666435e-02
5.550130208333332871e-02
5.566406250000000000e-02
5.582682291666666435e-02
5.598958333333332871e-02
5.615234375000000000e-02
5.631510416666666435e-02
5.647786458333332871e-02
5.664062500000000000e-02
5.680338541666666435e-02
5.696614583333332871e-02
5.712890625000000000e-02
5.729166666666666435e-02
5.745442708333332871e-02
5.761718750000000000e-02
5.777994791666666435e-02
5.794270833333332871e-02
5.810546875000000000e-02
5.826822916666666435e-02
5.843098958333332871e-02
5.859375000000000000e-02
5.875651041666666435e-02
5.891927083333332871e-02
5.908203125000000000e-02
5.924479166666666435e-02
5.940755208333332871e-02
5.957031250000000000e-02
5.973307291666666435e-02
5.989583333333332871e-02
6.005859375000000000e-02
6.022135416666666435e-02
6.038411458333332871e-02
6.054687500000000000e-02
6.070963541666666435e-02
6.087239583333332871e-02
6.103515625000000000e-02
6.119791666666666435e-02
6.136067708333332871e-02
6.152343750000000000e-02
6.168619791666666435e-02
6.184895833333332871e-02
6.201171875000000000e-02
6.217447916666666435e-02
6.233723958333332871e-02
6.250000000000000000e-02
6.266276041666665741e-02
6.282552083333332871e-02
6.298828125000000000e-02
6.315104166666665741e-02
6.331380208333332871e-02
6.347656250000000000e-02
6.363932291666665741e-02
6.380208333333332871e-02
6.396484375000000000e-02
6.412760416666665741e-02
6.429036458333332871e-02
6.445312500000000000e-02
6.461588541666665741e-02
6.477864583333332871e-02
6.494140625000000000e-02
6.510416666666665741e-02
6.526692708333332871e-02
6.542968750000000000e-02
6.559244791666665741e-02
6.575520833333332871e-02
6.591796875000000000e-02
6.608072916666665741e-02
6.624348958333332871e-02
6.640625000000000000e-02
6.656901041666665741e-02
6.673177083333332871e-02
6.689453125000000000e-02
6.705729166666665741e-02
6.722005208333332871e-02
6.738281250000000000e-02
6.754557291666665741e-02
6.770833333333332871e-02
6.787109375000000000e-02
6.803385416666665741e-02
6.819661458333332871e-02
6.835937500000000000e-02
6.852213541666665741e-02
6.868489583333332871e-02
6.884765625000000000e-02
6.901041666666665741e-02
6.917317708333332871e-02
6.933593750000000000e-02
6.949869791666665741e-02
6.966145833333332871e-02
6.982421875000000000e-02
6.998697916666665741e-02
7.014973958333332871e-02
7.031250000000000000e-02
7.047526041666665741e-02
7.063802083333332871e-02
7.080078125000000000e-02
7.096354166666665741e-02
7.112630208333332871e-02
7.128906250000000000e-02
7.145182291666665741e-02
7.161458333333332871e-02
7.177734375000000000e-02
7.194010416666665741e-02
7.210286458333332871e-02
7.226562500000000000e-02
7.242838541666665741e-02
7.259114583333332871e-02
7.275390625000000000e-02
7.291666666666665741e-02
7.307942708333332871e-02
7.324218750000000000e-02
7.340494791666665741e-02
7.356770833333332871e-02
7.373046875000000000e-02
7.389322916666665741e-02
7.405598958333332871e-02
7.421875000000000000e-02
7.438151041666665741e-02
7.454427083333332871e-02
7.470703125000000000e-02
7.486979166666665741e-02
7.503255208333332871e-02
7.519531250000000000e-02
7.535807291666665741e-02
7.552083333333332871e-02
7.568359375000000000e-02
7.584635416666665741e-02
7.600911458333332871e-02
7.617187500000000000e-02
7.633463541666665741e-02
7.649739583333332871e-02
7.666015625000000000e-02
7.682291666666665741e-02
7.698567708333332871e-02
7.714843750000000000e-02
7.731119791666665741e-02
7.747395833333332871e-02
7.763671875000000000e-02
7.779947916666665741e-02
7.796223958333332871e-02
7.812500000000000000e-02
7.828776041666665741e-02
7.845052083333332871e-02
7.861328125000000000e-02
7.877604166666665741e-02
7.893880208333332871e-02
7.910156250000000000e-02
7.926432291666665741e-02
7.942708333333332871e-02
7.958984375000000000e-02
7.975260416666665741e-02
7.991536458333332871e-02
8.007812500000000000e-02
8.024088541666665741e-02
8.040364583333332871e-02
8.056640625000000000e-02
8.072916666666665741e-02
8.089192708333332871e-02
8.105468750000000000e-02
8.121744791666665741e-02
8.138020833333332871e-02
8.154296875000000000e-02
8.170572916666665741e-02
8.186848958333332871e-02
8.203125000000000000e-02
8.219401041666665741e-02
8.235677083333332871e-02
8.251953125000000000e-02
8.268229166666665741e-02
8.284505208333332871e-02
8.300781250000000000e-02
8.317057291666665741e-02
8.333333333333332871e-02
8.349609375000000000e-02
8.365885416666665741e-02
8.382161458333332871e-02
8.398437500000000000e-02
8.414713541666665741e-02
8.430989583333332871e-02
8.447265625000000000e-02
8.463541666666665741e-02
8.479817708333332871e-02
8.496093750000000000e-02
8.512369791666665741e-02
8.528645833333332871e-02
8.544921875000000000e-02
8.561197916666665741e-02
8.577473958333332871e-02
8.593750000000000000e-02
8.610026041666665741e-02
8.626302083333332871e-02
8.642578125000000000e-02
8.658854166666665741e-02
8.675130208333332871e-02
8.691406250000000000e-02
8.707682291666665741e-02
8.723958333333332871e-02
8.740234375000000000e-02
8.756510416666665741e-02
8.772786458333332871e-02
8.789062500000000000e-02
8.805338541666665741e-02
8.821614583333332871e-02
8.837890625000000000e-02
8.854166666666665741e-02
8.870442708333332871e-02
8.886718750000000000e-02
8.902994791666665741e-02
8.919270833333332871e-02
8.935546875000000000e-02
8.951822916666665741e-02
8.968098958333332871e-02
8.984375000000000000e-02
9.000651041666665741e-02
9.016927083333332871e-02
9.033203125000000000e-02
9.049479166666665741e-02
9.065755208333332871e-02
9.082031250000000000e-02
9.098307291666665741e-02
9.114583333333332871e-02
9.130859375000000000e-02
9.147135416666665741e-02
9.163411458333332871e-02
9.179687500000000000e-02
9.195963541666665741e-02
9.212239583333332871e-02
9.228515625000000000e-02
9.244791666666665741e-02
9.261067708333332871e-02
9.277343750000000000e-02
9.293619791666665741e-02
9.309895833333332871e-02
9.326171875000000000e-02
9.342447916666665741e-02
9.358723958333332871e-02
9.375000000000000000e-02
9.391276041666665741e-02
9.407552083333332871e-02
9.423828125000000000e-02
9.440104166666665741e-02
9.456380208333332871e-02
9.472656250000000000e-02
9.488932291666665741e-02
9.505208333333332871e-02
9.521484375000000000e-02
9.537760416666665741e-02
9.554036458333332871e-02
9.570312500000000000e-02
9.586588541666665741e-02
9.602864583333332871e-02
9.619140625000000000e-02
9.635416666666665741e-02
9.651692708333332871e-02
9.667968750000000000e-02
9.684244791666665741e-02
9.700520833333332871e-02
9.716796875000000000e-02
9.733072916666665741e-02
9.749348958333332871e-02
9.765625000000000000e-02
9.781901041666665741e-02
9.798177083333332871e-02
9.814453125000000000e-02
9.830729166666665741e-02
9.847005208333332871e-02
9.863281250000000000e-02
9.879557291666665741e-02
9.895833333333332871e-02
9.912109375000000000e-02
9.928385416666665741e-02
9.944661458333332871e-02
9.960937500000000000e-02
9.977213541666665741e-02
9.993489583333332871e-02
1.000976562500000000e-01
1.002604166666666574e-01
1.004231770833333287e-01
1.005859375000000000e-01
1.007486979166666574e-01
1.009114583333333287e-01
1.010742187500000000e-01
1.012369791666666574e-01
1.013997395833333287e-01
1.015625000000000000e-01
1.017252604166666574e-01
1.018880208333333287e-01
1.020507812500000000e-01
1.022135416666666574e-01
1.023763020833333287e-01
1.025390625000000000e-01
1.027018229166666574e-01
1.028645833333333287e-01
1.030273437500000000e-01
1.031901041666666574e-01
1.033528645833333287e-01
1.035156250000000000e-01
1.036783854166666574e-01
1.038411458333333287e-01
1.040039062500000000e-01
1.041666666666666574e-01
1.043294270833333287e-01
1.044921875000000000e-01
1.046549479166666574e-01
1.048177083333333287e-01
1.049804687500000000e-01
1.051432291666666574e-01
1.053059895833333287e-01
1.054687500000000000e-01
1.056315104166666574e-01
1.057942708333333287e-01
1.059570312500000000e-01
1.061197916666666574e-01
1.062825520833333287e-01
1.064453125000000000e-01
1.066080729166666574e-01
1.067708333333333287e-01
1.069335937500000000e-01
1.070963541666666574e-01
1.072591145833333287e-01
1.074218750000000000e-01
1.075846354166666574e-01
1.077473958333333287e-01
1.079101562500000000e-01
1.080729166666666574e-01
1.082356770833333287e-01
1.083984375000000000e-01
1.085611979166666574e-01
1.087239583333333287e-01
1.088867187500000000e-01
1.090494791666666574e-01
1.092122395833333287e-01
1.093750000000000000e-01
1.095377604166666574e-01
1.097005208333333287e-01
1.098632812500000000e-01
1.100260416666666574e-01
1.101888020833333287e-01
1.103515625000000000e-01
1.105143229166666574e-01
1.106770833333333287e-01
1.108398437500000000e-01
1.110026041666666574e-01
1.111653645833333287e-01
1.113281250000000000e-01
1.114908854166666574e-01
1.116536458333333287e-01
1.118164062500000000e-01
1.119791666666666574e-01
1.121419270833333287e-01
1.123046875000000000e-01
1.124674479166666574e-01
1.126302083333333287e-01
1.127929687500000000e-01
1.129557291666666574e-01
1.131184895833333287e-01
1.132812500000000000e-01
1.134440104166666574e-01
1.136067708333333287e-01
1.137695312500000000e-01
1.139322916666666574e-01
1.140950520833333287e-01
1.142578125000000000e-01
1.144205729166666574e-01
1.145833333333333287e-01
1.147460937500000000e-01
1.149088541666666574e-01
1.150716145833333287e-01
1.152343750000000000e-01
1.153971354166666574e-01
1.155598958333333287e-01
1.157226562500000000e-01
1.158854166666666574e-01
1.160481770833333287e-01
1.162109375000000000e-01
1.163736979166666574e-01
1.165364583333333287e-01
1.166992187500000000e-01
1.168619791666666574e-01
1.170247395833333287e-01
1.171875000000000000e-01
1.173502604166666574e-01
1.175130208333333287e-01
1.176757812500000000e-01
1.178385416666666574e-01
1.180013020833333287e-01
1.181640625000000000e-01
1.183268229166666574e-01
1.184895833333333287e-01
1.186523437500000000e-01
1.188151041666666574e-01
1.189778645833333287e-01
1.191406250000000000e-01
1.193033854166666574e-01
1.194661458333333287e-01
1.196289062500000000e-01
1.197916666666666574e-01
1.199544270833333287e-01
1.201171875000000000e-01
1.202799479166666574e-01
1.204427083333333287e-01
1.206054687500000000e-01
1.207682291666666574e-01
1.209309895833333287e-01
1.210937500000000000e-01
1.212565104166666574e-01
1.214192708333333287e-01
1.215820312500000000e-01
1.217447916666666574e-01
1.219075520833333287e-01
1.220703125000000000e-01
1.222330729166666574e-01
1.223958333333333287e-01
1.225585937500000000e-01
1.227213541666666574e-01
1.228841145833333287e-01
1.230468750000000000e-01
1.232096354166666574e-01
1.233723958333333287e-01
1.235351562500000000e-01
1.236979166666666574e-01
1.238606770833333287e-01
1.240234375000000000e-01
1.241861979166666574e-01
1.243489583333333287e-01
1.245117187500000000e-01
1.246744791666666574e-01
1.248372395833333287e-01
1.250000000000000000e-01
1.251627604166666574e-01
1.253255208333333148e-01
1.254882812500000000e-01
1.256510416666666574e-01
1.258138020833333148e-01
1.259765625000000000e-01
1.261393229166666574e-01
1.263020833333333148e-01
1.264648437500000000e-01
1.266276041666666574e-01
1.267903645833333148e-01
1.269531250000000000e-01
1.271158854166666574e-01
1.272786458333333148e-01
1.274414062500000000e-01
1.276041666666666574e-01
1.277669270833333148e-01
1.279296875000000000e-01
1.280924479166666574e-01
1.282552083333333148e-01
1.284179687500000000e-01
1.285807291666666574e-01
1.287434895833333148e-01
1.289062500000000000e-01
1.290690104166666574e-01
1.292317708333333148e-01
1.293945312500000000e-01
1.295572916666666574e-01
1.297200520833333148e-01
1.298828125000000000e-01
1.300455729166666574e-01
1.302083333333333148e-01
1.303710937500000000e-01
1.305338541666666574e-01
1.306966145833333148e-01
1.308593750000000000e-01
1.310221354166666574e-01
1.311848958333333148e-01
1.313476562500000000e-01
1.315104166666666574e-01
1.316731770833333148e-01
1.318359375000000000e-01
1.319986979166666574e-01
1.321614583333333148e-01
1.323242187500000000e-01
1.324869791666666574e-01
1.326497395833333148e-01
1.328125000000000000e-01
1.329752604166666574e-01
1.331380208333333148e-01
1.333007812500000000e-01
1.334635416666666574e-01
1.336263020833333148e-01
1.337890625000000000e-01
1.339518229166666574e-01
1.341145833333333148e-01
1.342773437500000000e-01
1.344401041666666574e-01
1.346028645833333148e-01
1.347656250000000000e-01
1.349283854166666574e-01
1.350911458333333148e-01
1.352539062500000000e-01
1.354166666666666574e-01
1.355794270833333148e-01
1.357421875000000000e-01
1.359049479166666574e-01
1.360677083333333148e-01
1.362304687500000000e-01
1.363932291666666574e-01
1.365559895833333148e-01
1.367187500000000000e-01
1.368815104166666574e-01
1.370442708333333148e-01
1.372070312500000000e-01
1.373697916666666574e-01
1.375325520833333148e-01
1.376953125000000000e-01
1.378580729166666574e-01
1.380208333333333148e-01
1.381835937500000000e-01
1.383463541666666574e-01
1.385091145833333148e-01
1.386718750000000000e-01
1.388346354166666574e-01
1.389973958333333148e-01
1.391601562500000000e-01
1.393229166666666574e-01
1.394856770833333148e-01
1.396484375000000000e-01
1.398111979166666574e-01
1.399739583333333148e-01
1.401367187500000000e-01
1.402994791666666574e-01
1.404622395833333148e-01
1.406250000000000000e-01
1.407877604166666574e-01
1.409505208333333148e-01
1.411132812500000000e-01
1.412760416666666574e-01
1.414388020833333148e-01
1.416015625000000000e-01
1.417643229166666574e-01
1.419270833333333148e-01
1.420898437500000000e-01
1.422526041666666574e-01
1.424153645833333148e-01
1.425781250000000000e-01
1.427408854166666574e-01
1.429036458333333148e-01
1.430664062500000000e-01
1.432291666666666574e-01
1.433919270833333148e-01
1.435546875000000000e-01
1.437174479166666574e-01
1.438802083333333148e-01
1.440429687500000000e-01
1.442057291666666574e-01
1.443684895833333148e-01
1.445312500000000000e-01
1.446940104166666574e-01
1.448567708333333148e-01
1.450195312500000000e-01
1.451822916666666574e-01
1.453450520833333148e-01
1.455078125000000000e-01
1.456705729166666574e-01
1.458333333333333148e-01
1.459960937500000000e-01
1.461588541666666574e-01
1.463216145833333148e-01
1.464843750000000000e-01
1.466471354166666574e-01
1.468098958333333148e-01
1.469726562500000000e-01
1.471354166666666574e-01
1.472981770833333148e-01
1.474609375000000000e-01
1.476236979166666574e-01
1.477864583333333148e-01
1.479492187500000000e-01
1.481119791666666574e-01
1.482747395833333148e-01
1.484375000000000000e-01
1.486002604166666574e-01
1.487630208333333148e-01
1.489257812500000000e-01
1.490885416666666574e-01
1.492513020833333148e-01
1.494140625000000000e-01
1.495768229166666574e-01
1.497395833333333148e-01
1.499023437500000000e-01
1.500651041666666574e-01
1.502278645833333148e-01
1.503906250000000000e-01
1.505533854166666574e-01
1.507161458333333148e-01
1.508789062500000000e-01
1.510416666666666574e-01
1.512044270833333148e-01
1.513671875000000000e-01
1.515299479166666574e-01
1.516927083333333148e-01
1.518554687500000000e-01
1.520182291666666574e-01
1.521809895833333148e-01
1.523437500000000000e-01
1.525065104166666574e-01
1.526692708333333148e-01
1.528320312500000000e-01
1.529947916666666574e-01
1.531575520833333148e-01
1.533203125000000000e-01
1.534830729166666574e-01
1.536458333333333148e-01
1.538085937500000000e-01
1.539713541666666574e-01
1.541341145833333148e-01
1.542968750000000000e-01
1.544596354166666574e-01
1.546223958333333148e-01
1.547851562500000000e-01
1.549479166666666574e-01
1.551106770833333148e-01
1.552734375000000000e-01
1.554361979166666574e-01
1.555989583333333148e-01
1.557617187500000000e-01
1.559244791666666574e-01
1.560872395833333148e-01
1.562500000000000000e-01
1.564127604166666574e-01
1.565755208333333148e-01
1.567382812500000000e-01
1.569010416666666574e-01
1.570638020833333148e-01
1.572265625000000000e-01
1.573893229166666574e-01
1.575520833333333148e-01
1.577148437500000000e-01
1.578776041666666574e-01
1.580403645833333148e-01
1.582031250000000000e-01
1.583658854166666574e-01
1.585286458333333148e-01
1.586914062500000000e-01
1.588541666666666574e-01
1.590169270833333148e-01
1.591796875000000000e-01
1.593424479166666574e-01
1.595052083333333148e-01
1.596679687500000000e-01
1.598307291666666574e-01
1.599934895833333148e-01
1.601562500000000000e-01
1.603190104166666574e-01
1.604817708333333148e-01
1.606445312500000000e-01
1.608072916666666574e-01
1.609700520833333148e-01
1.611328125000000000e-01
1.612955729166666574e-01
1.614583333333333148e-01
1.616210937500000000e-01
1.617838541666666574e-01
1.619466145833333148e-01
1.621093750000000000e-01
1.622721354166666574e-01
1.624348958333333148e-01
1.625976562500000000e-01
1.627604166666666574e-01
1.629231770833333148e-01
1.630859375000000000e-01
1.632486979166666574e-01
1.634114583333333148e-01
1.635742187500000000e-01
1.637369791666666574e-01
1.638997395833333148e-01
1.640625000000000000e-01
1.642252604166666574e-01
1.643880208333333148e-01
1.645507812500000000e-01
1.647135416666666574e-01
1.648763020833333148e-01
1.650390625000000000e-01
1.652018229166666574e-01
1.653645833333333148e-01
1.655273437500000000e-01
1.656901041666666574e-01
1.658528645833333148e-01
1.660156250000000000e-01
1.661783854166666574e-01
1.663411458333333148e-01
1.665039062500000000e-01
1.666666666666666574e-01
1.668294270833333148e-01
1.669921875000000000e-01
1.671549479166666574e-01
1.673177083333333148e-01
1.674804687500000000e-01
1.676432291666666574e-01
1.678059895833333148e-01
1.679687500000000000e-01
1.681315104166666574e-01
1.682942708333333148e-01
1.684570312500000000e-01
1.686197916666666574e-01
1.687825520833333148e-01
1.689453125000000000e-01
1.691080729166666574e-01
1.692708333333333148e-01
1.694335937500000000e-01
1.695963541666666574e-01
1.697591145833333148e-01
1.699218750000000000e-01
1.700846354166666574e-01
1.702473958333333148e-01
1.704101562500000000e-01
1.705729166666666574e-01
1.707356770833333148e-01
1.708984375000000000e-01
1.710611979166666574e-01
1.712239583333333148e-01
1.713867187500000000e-01
1.715494791666666574e-01
1.717122395833333148e-01
1.718750000000000000e-01
1.720377604166666574e-01
1.722005208333333148e-01
1.723632812500000000e-01
1.725260416666666574e-01
1.726888020833333148e-01
1.728515625000000000e-01
1.730143229166666574e-01
1.731770833333333148e-01
1.733398437500000000e-01
1.735026041666666574e-01
1.736653645833333148e-01
1.738281250000000000e-01
1.739908854166666574e-01
1.741536458333333148e-01
1.743164062500000000e-01
1.744791666666666574e-01
1.746419270833333148e-01
1.748046875000000000e-01
1.749674479166666574e-01
1.751302083333333148e-01
1.752929687500000000e-01
1.754557291666666574e-01
1.756184895833333148e-01
1.757812500000000000e-01
1.759440104166666574e-01
1.761067708333333148e-01
1.762695312500000000e-01
1.764322916666666574e-01
1.765950520833333148e-01
1.767578125000000000e-01
1.769205729166666574e-01
1.770833333333333148e-01
1.772460937500000000e-01
1.774088541666666574e-01
1.775716145833333148e-01
1.777343750000000000e-01
1.778971354166666574e-01
1.780598958333333148e-01
1.782226562500000000e-01
1.783854166666666574e-01
1.785481770833333148e-01
1.787109375000000000e-01
1.788736979166666574e-01
1.790364583333333148e-01
1.791992187500000000e-01
1.793619791666666574e-01
1.795247395833333148e-01
1.796875000000000000e-01
1.798502604166666574e-01
1.800130208333333148e-01
1.801757812500000000e-01
1.803385416666666574e-01
1.805013020833333148e-01
1.806640625000000000e-01
1.808268229166666574e-01
1.809895833333333148e-01
1.811523437500000000e-01
1.813151041666666574e-01
1.814778645833333148e-01
1.816406250000000000e-01
1.818033854166666574e-01
1.819661458333333148e-01
1.821289062500000000e-01
1.822916666666666574e-01
1.824544270833333148e-01
1.826171875000000000e-01
1.827799479166666574e-01
1.829427083333333148e-01
1.831054687500000000e-01
1.832682291666666574e-01
1.834309895833333148e-01
1.835937500000000000e-01
1.837565104166666574e-01
1.839192708333333148e-01
1.840820312500000000e-01
1.842447916666666574e-01
1.844075520833333148e-01
1.845703125000000000e-01
1.847330729166666574e-01
1.848958333333333148e-01
1.850585937500000000e-01
1.852213541666666574e-01
1.853841145833333148e-01
1.855468750000000000e-01
1.857096354166666574e-01
1.858723958333333148e-01
1.860351562500000000e-01
1.861979166666666574e-01
1.863606770833333148e-01
1.865234375000000000e-01
1.866861979166666574e-01
1.868489583333333148e-01
1.870117187500000000e-01
1.871744791666666574e-01
1.873372395833333148e-01
1.875000000000000000e-01
1.876627604166666574e-01
1.878255208333333148e-01
1.879882812500000000e-01
1.881510416666666574e-01
1.883138020833333148e-01
1.884765625000000000e-01
1.886393229166666574e-01
1.888020833333333148e-01
1.889648437500000000e-01
1.891276041666666574e-01
1.892903645833333148e-01
1.894531250000000000e-01
1.896158854166666574e-01
1.897786458333333148e-01
1.899414062500000000e-01
1.901041666666666574e-01
1.902669270833333148e-01
1.904296875000000000e-01
1.905924479166666574e-01
1.907552083333333148e-01
1.909179687500000000e-01
1.910807291666666574e-01
1.912434895833333148e-01
1.914062500000000000e-01
1.915690104166666574e-01
1.917317708333333148e-01
1.918945312500000000e-01
1.920572916666666574e-01
1.922200520833333148e-01
1.923828125000000000e-01
1.925455729166666574e-01
1.927083333333333148e-01
1.928710937500000000e-01
1.930338541666666574e-01
1.931966145833333148e-01
1.933593750000000000e-01
1.935221354166666574e-01
1.936848958333333148e-01
1.938476562500000000e-01
1.940104166666666574e-01
1.941731770833333148e-01
1.943359375000000000e-01
1.944986979166666574e-01
1.946614583333333148e-01
1.948242187500000000e-01
1.949869791666666574e-01
1.951497395833333148e-01
1.953125000000000000e-01
1.954752604166666574e-01
1.956380208333333148e-01
1.958007812500000000e-01
1.959635416666666574e-01
1.961263020833333148e-01
1.962890625000000000e-01
1.964518229166666574e-01
1.966145833333333148e-01
1.967773437500000000e-01
1.969401041666666574e-01
1.971028645833333148e-01
1.972656250000000000e-01
1.974283854166666574e-01
1.975911458333333148e-01
1.977539062500000000e-01
1.979166666666666574e-01
1.980794270833333148e-01
1.982421875000000000e-01
1.984049479166666574e-01
1.985677083333333148e-01
1.987304687500000000e-01
1.988932291666666574e-01
1.990559895833333148e-01
1.992187500000000000e-01
1.993815104166666574e-01
1.995442708333333148e-01
1.997070312500000000e-01
1.998697916666666574e-01
2.000325520833333148e-01
2.001953125000000000e-01
2.003580729166666574e-01
2.005208333333333148e-01
2.006835937500000000e-01
2.008463541666666574e-01
2.010091145833333148e-01
2.011718750000000000e-01
2.013346354166666574e-01
2.014973958333333148e-01
2.016601562500000000e-01
2.018229166666666574e-01
2.019856770833333148e-01
2.021484375000000000e-01
2.023111979166666574e-01
2.024739583333333148e-01
2.026367187500000000e-01
2.027994791666666574e-01
2.029622395833333148e-01
2.031250000000000000e-01
2.032877604166666574e-01
2.034505208333333148e-01
2.036132812500000000e-01
2.037760416666666574e-01
2.039388020833333148e-01
2.041015625000000000e-01
2.042643229166666574e-01
2.044270833333333148e-01
2.045898437500000000e-01
2.047526041666666574e-01
2.049153645833333148e-01
2.050781250000000000e-01
2.052408854166666574e-01
2.054036458333333148e-01
2.055664062500000000e-01
2.057291666666666574e-01
2.058919270833333148e-01
2.060546875000000000e-01
2.062174479166666574e-01
2.063802083333333148e-01
2.065429687500000000e-01
2.067057291666666574e-01
2.068684895833333148e-01
2.070312500000000000e-01
2.071940104166666574e-01
2.073567708333333148e-01
2.075195312500000000e-01
2.076822916666666574e-01
2.078450520833333148e-01
2.080078125000000000e-01
2.081705729166666574e-01
2.083333333333333148e-01
2.084960937500000000e-01
2.086588541666666574e-01
2.088216145833333148e-01
2.089843750000000000e-01
2.091471354166666574e-01
2.093098958333333148e-01
2.094726562500000000e-01
2.096354166666666574e-01
2.097981770833333148e-01
2.099609375000000000e-01
2.101236979166666574e-01
2.102864583333333148e-01
2.104492187500000000e-01
2.106119791666666574e-01
2.107747395833333148e-01
2.109375000000000000e-01
2.111002604166666574e-01
2.112630208333333148e-01
2.114257812500000000e-01
2.115885416666666574e-01
2.117513020833333148e-01
2.119140625000000000e-01
2.120768229166666574e-01
2.122395833333333148e-01
2.124023437500000000e-01
2.125651041666666574e-01
2.127278645833333148e-01
2.128906250000000000e-01
2.130533854166666574e-01
2.132161458333333148e-01
2.133789062500000000e-01
2.135416666666666574e-01
2.137044270833333148e-01
2.138671875000000000e-01
2.140299479166666574e-01
2.141927083333333148e-01
2.143554687500000000e-01
2.145182291666666574e-01
2.146809895833333148e-01
2.148437500000000000e-01
2.150065104166666574e-01
2.151692708333333148e-01
2.153320312500000000e-01
2.154947916666666574e-01
2.156575520833333148e-01
2.158203125000000000e-01
2.159830729166666574e-01
2.161458333333333148e-01
2.163085937500000000e-01
2.164713541666666574e-01
2.166341145833333148e-01
2.167968750000000000e-01
2.169596354166666574e-01
2.171223958333333148e-01
2.172851562500000000e-01
2.174479166666666574e-01
2.176106770833333148e-01
2.177734375000000000e-01
2.179361979166666574e-01
2.180989583333333148e-01
2.182617187500000000e-01
2.184244791666666574e-01
2.185872395833333148e-01
2.187500000000000000e-01
2.189127604166666574e-01
2.190755208333333148e-01
2.192382812500000000e-01
2.194010416666666574e-01
2.195638020833333148e-01
2.197265625000000000e-01
2.198893229166666574e-01
2.200520833333333148e-01
2.202148437500000000e-01
2.203776041666666574e-01
2.205403645833333148e-01
2.207031250000000000e-01
2.208658854166666574e-01
2.210286458333333148e-01
2.211914062500000000e-01
2.213541666666666574e-01
2.215169270833333148e-01
2.216796875000000000e-01
2.218424479166666574e-01
2.220052083333333148e-01
2.221679687500000000e-01
2.223307291666666574e-01
2.224934895833333148e-01
2.226562500000000000e-01
2.228190104166666574e-01
2.229817708333333148e-01
2.231445312500000000e-01
2.233072916666666574e-01
2.234700520833333148e-01
2.236328125000000000e-01
2.237955729166666574e-01
2.239583333333333148e-01
2.241210937500000000e-01
2.242838541666666574e-01
2.244466145833333148e-01
2.246093750000000000e-01
2.247721354166666574e-01
2.249348958333333148e-01
2.250976562500000000e-01
2.252604166666666574e-01
2.254231770833333148e-01
2.255859375000000000e-01
2.257486979166666574e-01
2.259114583333333148e-01
2.260742187500000000e-01
2.262369791666666574e-01
2.263997395833333148e-01
2.265625000000000000e-01
2.267252604166666574e-01
2.268880208333333148e-01
2.270507812500000000e-01
2.272135416666666574e-01
2.273763020833333148e-01
2.275390625000000000e-01
2.277018229166666574e-01
2.278645833333333148e-01
2.280273437500000000e-01
2.281901041666666574e-01
2.283528645833333148e-01
2.285156250000000000e-01
2.286783854166666574e-01
2.288411458333333148e-01
2.290039062500000000e-01
2.291666666666666574e-01
2.293294270833333148e-01
2.294921875000000000e-01
2.296549479166666574e-01
2.298177083333333148e-01
2.299804687500000000e-01
2.301432291666666574e-01
2.303059895833333148e-01
2.304687500000000000e-01
2.306315104166666574e-01
2.307942708333333148e-01
2.309570312500000000e-01
2.311197916666666574e-01
2.312825520833333148e-01
2.314453125000000000e-01
2.316080729166666574e-01
2.317708333333333148e-01
2.319335937500000000e-01
2.320963541666666574e-01
2.322591145833333148e-01
2.324218750000000000e-01
2.325846354166666574e-01
2.327473958333333148e-01
2.329101562500000000e-01
2.330729166666666574e-01
2.332356770833333148e-01
2.333984375000000000e-01
2.335611979166666574e-01
2.337239583333333148e-01
2.338867187500000000e-01
2.340494791666666574e-01
2.342122395833333148e-01
2.343750000000000000e-01
2.345377604166666574e-01
2.347005208333333148e-01
2.348632812500000000e-01
2.350260416666666574e-01
2.351888020833333148e-01
2.353515625000000000e-01
2.355143229166666574e-01
2.356770833333333148e-01
2.358398437500000000e-01
2.360026041666666574e-01
2.361653645833333148e-01
2.363281250000000000e-01
2.364908854166666574e-01
2.366536458333333148e-01
2.368164062500000000e-01
2.369791666666666574e-01
2.371419270833333148e-01
2.373046875000000000e-01
2.374674479166666574e-01
2.376302083333333148e-01
2.377929687500000000e-01
2.379557291666666574e-01
2.381184895833333148e-01
2.382812500000000000e-01
2.384440104166666574e-01
2.386067708333333148e-01
2.387695312500000000e-01
2.389322916666666574e-01
2.390950520833333148e-01
2.392578125000000000e-01
2.394205729166666574e-01
2.395833333333333148e-01
2.397460937500000000e-01
2.399088541666666574e-01
2.400716145833333148e-01
2.402343750000000000e-01
2.403971354166666574e-01
2.405598958333333148e-01
2.407226562500000000e-01
2.408854166666666574e-01
2.410481770833333148e-01
2.412109375000000000e-01
2.413736979166666574e-01
2.415364583333333148e-01
2.416992187500000000e-01
2.418619791666666574e-01
2.420247395833333148e-01
2.421875000000000000e-01
2.423502604166666574e-01
2.425130208333333148e-01
2.426757812500000000e-01
2.428385416666666574e-01
2.430013020833333148e-01
2.431640625000000000e-01
2.433268229166666574e-01
2.434895833333333148e-01
2.436523437500000000e-01
2.438151041666666574e-01
2.439778645833333148e-01
2.441406250000000000e-01
2.443033854166666574e-01
2.444661458333333148e-01
2.446289062500000000e-01
2.447916666666666574e-01
2.449544270833333148e-01
2.451171875000000000e-01
2.452799479166666574e-01
2.454427083333333148e-01
2.456054687500000000e-01
2.457682291666666574e-01
2.459309895833333148e-01
2.460937500000000000e-01
2.462565104166666574e-01
2.464192708333333148e-01
2.465820312500000000e-01
2.467447916666666574e-01
2.469075520833333148e-01
2.470703125000000000e-01
2.472330729166666574e-01
2.473958333333333148e-01
2.475585937500000000e-01
2.477213541666666574e-01
2.478841145833333148e-01
2.480468750000000000e-01
2.482096354166666574e-01
2.483723958333333148e-01
2.485351562500000000e-01
2.486979166666666574e-01
2.488606770833333148e-01
2.490234375000000000e-01
2.491861979166666574e-01
2.493489583333333148e-01
2.495117187500000000e-01
2.496744791666666574e-01
2.498372395833333148e-01
2.500000000000000000e-01
2.501627604166666297e-01
2.503255208333333148e-01
2.504882812500000000e-01
2.506510416666666297e-01
2.508138020833333148e-01
2.509765625000000000e-01
2.511393229166666297e-01
2.513020833333333148e-01
2.514648437500000000e-01
2.516276041666666297e-01
2.517903645833333148e-01
2.519531250000000000e-01
2.521158854166666297e-01
2.522786458333333148e-01
2.524414062500000000e-01
2.526041666666666297e-01
2.527669270833333148e-01
2.529296875000000000e-01
2.530924479166666297e-01
2.532552083333333148e-01
2.534179687500000000e-01
2.535807291666666297e-01
2.537434895833333148e-01
2.539062500000000000e-01
2.540690104166666297e-01
2.542317708333333148e-01
2.543945312500000000e-01
2.545572916666666297e-01
2.547200520833333148e-01
2.548828125000000000e-01
2.550455729166666297e-01
2.552083333333333148e-01
2.553710937500000000e-01
2.555338541666666297e-01
2.556966145833333148e-01
2.558593750000000000e-01
2.560221354166666297e-01
2.561848958333333148e-01
2.563476562500000000e-01
2.565104166666666297e-01
2.566731770833333148e-01
2.568359375000000000e-01
2.569986979166666297e-01
2.571614583333333148e-01
2.573242187500000000e-01
2.574869791666666297e-01
2.576497395833333148e-01
2.578125000000000000e-01
2.579752604166666297e-01
2.581380208333333148e-01
2.583007812500000000e-01
2.584635416666666297e-01
2.586263020833333148e-01
2.587890625000000000e-01
2.589518229166666297e-01
2.591145833333333148e-01
2.592773437500000000e-01
2.594401041666666297e-01
2.596028645833333148e-01
2.597656250000000000e-01
2.599283854166666297e-01
2.600911458333333148e-01
2.602539062500000000e-01
2.604166666666666297e-01
2.605794270833333148e-01
2.607421875000000000e-01
2.609049479166666297e-01
2.610677083333333148e-01
2.612304687500000000e-01
2.613932291666666297e-01
2.615559895833333148e-01
2.617187500000000000e-01
2.618815104166666297e-01
2.620442708333333148e-01
2.622070312500000000e-01
2.623697916666666297e-01
2.625325520833333148e-01
2.626953125000000000e-01
2.628580729166666297e-01
2.630208333333333148e-01
2.631835937500000000e-01
2.633463541666666297e-01
2.635091145833333148e-01
2.636718750000000000e-01
2.638346354166666297e-01
2.639973958333333148e-01
2.641601562500000000e-01
2.643229166666666297e-01
2.644856770833333148e-01
2.646484375000000000e-01
2.648111979166666297e-01
2.649739583333333148e-01
2.651367187500000000e-01
2.652994791666666297e-01
2.654622395833333148e-01
2.656250000000000000e-01
2.657877604166666297e-01
2.659505208333333148e-01
2.661132812500000000e-01
2.662760416666666297e-01
2.664388020833333148e-01
2.666015625000000000e-01
2.667643229166666297e-01
2.669270833333333148e-01
2.670898437500000000e-01
2.672526041666666297e-01
2.674153645833333148e-01
2.675781250000000000e-01
2.677408854166666297e-01
2.679036458333333148e-01
2.680664062500000000e-01
2.682291666666666297e-01
2.683919270833333148e-01
2.685546875000000000e-01
2.687174479166666297e-01
2.688802083333333148e-01
2.690429687500000000e-01
2.692057291666666297e-01
2.693684895833333148e-01
2.695312500000000000e-01
2.696940104166666297e-01
2.698567708333333148e-01
2.700195312500000000e-01
2.701822916666666297e-01
2.703450520833333148e-01
2.705078125000000000e-01
2.706705729166666297e-01
2.708333333333333148e-01
2.709960937500000000e-01
2.711588541666666297e-01
2.713216145833333148e-01
2.714843750000000000e-01
2.716471354166666297e-01
2.718098958333333148e-01
2.719726562500000000e-01
2.721354166666666297e-01
2.722981770833333148e-01
2.724609375000000000e-01
2.726236979166666297e-01
2.727864583333333148e-01
2.729492187500000000e-01
2.731119791666666297e-01
2.732747395833333148e-01
2.734375000000000000e-01
2.736002604166666297e-01
2.737630208333333148e-01
2.739257812500000000e-01
2.740885416666666297e-01
2.742513020833333148e-01
2.744140625000000000e-01
2.745768229166666297e-01
2.747395833333333148e-01
2.749023437500000000e-01
2.750651041666666297e-01
2.752278645833333148e-01
2.753906250000000000e-01
2.755533854166666297e-01
2.757161458333333148e-01
2.758789062500000000e-01
2.760416666666666297e-01
2.762044270833333148e-01
2.763671875000000000e-01
2.765299479166666297e-01
2.766927083333333148e-01
2.768554687500000000e-01
2.770182291666666297e-01
2.771809895833333148e-01
2.773437500000000000e-01
2.775065104166666297e-01
2.776692708333333148e-01
2.778320312500000000e-01
2.779947916666666297e-01
2.781575520833333148e-01
2.783203125000000000e-01
2.784830729166666297e-01
2.786458333333333148e-01
2.788085937500000000e-01
2.789713541666666297e-01
2.791341145833333148e-01
2.792968750000000000e-01
2.794596354166666297e-01
2.796223958333333148e-01
2.797851562500000000e-01
2.799479166666666297e-01
2.801106770833333148e-01
2.802734375000000000e-01
2.804361979166666297e-01
2.805989583333333148e-01
2.807617187500000000e-01
2.809244791666666297e-01
2.810872395833333148e-01
2.812500000000000000e-01
2.814127604166666297e-01
2.815755208333333148e-01
2.817382812500000000e-01
2.819010416666666297e-01
2.820638020833333148e-01
2.822265625000000000e-01
2.823893229166666297e-01
2.825520833333333148e-01
2.827148437500000000e-01
2.828776041666666297e-01
2.830403645833333148e-01
2.832031250000000000e-01
2.833658854166666297e-01
2.835286458333333148e-01
2.836914062500000000e-01
2.838541666666666297e-01
2.840169270833333148e-01
2.841796875000000000e-01
2.843424479166666297e-01
2.845052083333333148e-01
2.846679687500000000e-01
2.848307291666666297e-01
2.849934895833333148e-01
2.851562500000000000e-01
2.853190104166666297e-01
2.854817708333333148e-01
2.856445312500000000e-01
2.858072916666666297e-01
2.859700520833333148e-01
2.861328125000000000e-01
2.862955729166666297e-01
2.864583333333333148e-01
2.866210937500000000e-01
2.867838541666666297e-01
2.869466145833333148e-01
2.871093750000000000e-01
2.872721354166666297e-01
2.874348958333333148e-01
2.875976562500000000e-01
2.877604166666666297e-01
2.879231770833333148e-01
2.880859375000000000e-01
2.882486979166666297e-01
2.884114583333333148e-01
2.885742187500000000e-01
2.887369791666666297e-01
2.888997395833333148e-01
2.890625000000000000e-01
2.892252604166666297e-01
2.893880208333333148e-01
2.895507812500000000e-01
2.897135416666666297e-01
2.898763020833333148e-01
2.900390625000000000e-01
2.902018229166666297e-01
2.903645833333333148e-01
2.905273437500000000e-01
2.906901041666666297e-01
2.908528645833333148e-01
2.910156250000000000e-01
2.911783854166666297e-01
2.913411458333333148e-01
2.915039062500000000e-01
2.916666666666666297e-01
2.918294270833333148e-01
2.919921875000000000e-01
2.921549479166666297e-01
2.923177083333333148e-01
2.924804687500000000e-01
2.926432291666666297e-01
2.928059895833333148e-01
2.929687500000000000e-01
2.931315104166666297e-01
2.932942708333333148e-01
2.934570312500000000e-01
2.936197916666666297e-01
2.937825520833333148e-01
2.939453125000000000e-01
2.941080729166666297e-01
2.942708333333333148e-01
2.944335937500000000e-01
2.945963541666666297e-01
2.947591145833333148e-01
2.949218750000000000e-01
2.950846354166666297e-01
2.952473958333333148e-01
2.954101562500000000e-01
2.955729166666666297e-01
2.957356770833333148e-01
2.958984375000000000e-01
2.960611979166666297e-01
2.962239583333333148e-01
2.963867187500000000e-01
2.965494791666666297e-01
2.967122395833333148e-01
2.968750000000000000e-01
2.970377604166666297e-01
2.972005208333333148e-01
2.973632812500000000e-01
2.975260416666666297e-01
2.976888020833333148e-01
2.978515625000000000e-01
2.980143229166666297e-01
2.981770833333333148e-01
2.983398437500000000e-01
2.985026041666666297e-01
2.986653645833333148e-01
2.988281250000000000e-01
2.989908854166666297e-01
2.991536458333333148e-01
2.993164062500000000e-01
2.994791666666666297e-01
2.996419270833333148e-01
2.998046875000000000e-01
2.999674479166666297e-01
3.001302083333333148e-01
3.002929687500000000e-01
3.004557291666666297e-01
3.006184895833333148e-01
3.007812500000000000e-01
3.009440104166666297e-01
3.011067708333333148e-01
3.012695312500000000e-01
3.014322916666666297e-01
3.015950520833333148e-01
3.017578125000000000e-01
3.019205729166666297e-01
3.020833333333333148e-01
3.022460937500000000e-01
3.024088541666666297e-01
3.025716145833333148e-01
3.027343750000000000e-01
3.028971354166666297e-01
3.030598958333333148e-01
3.032226562500000000e-01
3.033854166666666297e-01
3.035481770833333148e-01
3.037109375000000000e-01
3.038736979166666297e-01
3.040364583333333148e-01
3.041992187500000000e-01
3.043619791666666297e-01
3.045247395833333148e-01
3.046875000000000000e-01
3.048502604166666297e-01
3.050130208333333148e-01
3.051757812500000000e-01
3.053385416666666297e-01
3.055013020833333148e-01
3.056640625000000000e-01
3.058268229166666297e-01
3.059895833333333148e-01
3.061523437500000000e-01
3.063151041666666297e-01
3.064778645833333148e-01
3.066406250000000000e-01
3.068033854166666297e-01
3.069661458333333148e-01
3.071289062500000000e-01
3.072916666666666297e-01
3.074544270833333148e-01
3.076171875000000000e-01
3.077799479166666297e-01
3.079427083333333148e-01
3.081054687500000000e-01
3.082682291666666297e-01
3.084309895833333148e-01
3.085937500000000000e-01
3.087565104166666297e-01
3.089192708333333148e-01
3.090820312500000000e-01
3.092447916666666297e-01
3.094075520833333148e-01
3.095703125000000000e-01
3.097330729166666297e-01
3.098958333333333148e-01
3.100585937500000000e-01
3.102213541666666297e-01
3.103841145833333148e-01
3.105468750000000000e-01
3.107096354166666297e-01
3.108723958333333148e-01
3.110351562500000000e-01
3.111979166666666297e-01
3.113606770833333148e-01
3.115234375000000000e-01
3.116861979166666297e-01
3.118489583333333148e-01
3.120117187500000000e-01
3.121744791666666297e-01
3.123372395833333148e-01
3.125000000000000000e-01
3.126627604166666297e-01
3.128255208333333148e-01
3.129882812500000000e-01
3.131510416666666297e-01
3.133138020833333148e-01
3.134765625000000000e-01
3.136393229166666297e-01
3.138020833333333148e-01
3.139648437500000000e-01
3.141276041666666297e-01
3.142903645833333148e-01
3.144531250000000000e-01
3.146158854166666297e-01
3.147786458333333148e-01
3.149414062500000000e-01
3.151041666666666297e-01
3.152669270833333148e-01
3.154296875000000000e-01
3.155924479166666297e-01
3.157552083333333148e-01
3.159179687500000000e-01
3.160807291666666297e-01
3.162434895833333148e-01
3.164062500000000000e-01
3.165690104166666297e-01
3.167317708333333148e-01
3.168945312500000000e-01
3.170572916666666297e-01
3.172200520833333148e-01
3.173828125000000000e-01
3.175455729166666297e-01
3.177083333333333148e-01
3.178710937500000000e-01
3.180338541666666297e-01
3.181966145833333148e-01
3.183593750000000000e-01
3.185221354166666297e-01
3.186848958333333148e-01
3.188476562500000000e-01
3.190104166666666297e-01
3.191731770833333148e-01
3.193359375000000000e-01
3.194986979166666297e-01
3.196614583333333148e-01
3.198242187500000000e-01
3.199869791666666297e-01
3.201497395833333148e-01
3.203125000000000000e-01
3.204752604166666297e-01
3.206380208333333148e-01
3.208007812500000000e-01
3.209635416666666297e-01
3.211263020833333148e-01
3.212890625000000000e-01
3.214518229166666297e-01
3.216145833333333148e-01
3.217773437500000000e-01
3.219401041666666297e-01
3.221028645833333148e-01
3.222656250000000000e-01
3.224283854166666297e-01
3.225911458333333148e-01
3.227539062500000000e-01
3.229166666666666297e-01
3.230794270833333148e-01
3.232421875000000000e-01
3.234049479166666297e-01
3.235677083333333148e-01
3.237304687500000000e-01
3.238932291666666297e-01
3.240559895833333148e-01
3.242187500000000000e-01
3.243815104166666297e-01
3.245442708333333148e-01
3.247070312500000000e-01
3.248697916666666297e-01
3.250325520833333148e-01
3.251953125000000000e-01
3.253580729166666297e-01
3.255208333333333148e-01
3.256835937500000000e-01
3.258463541666666297e-01
3.260091145833333148e-01
3.261718750000000000e-01
3.263346354166666297e-01
3.264973958333333148e-01
3.266601562500000000e-01
3.268229166666666297e-01
3.269856770833333148e-01
3.271484375000000000e-01
3.273111979166666297e-01
3.274739583333333148e-01
3.276367187500000000e-01
3.277994791666666297e-01
3.279622395833333148e-01
3.281250000000000000e-01
3.282877604166666297e-01
3.284505208333333148e-01
3.286132812500000000e-01
3.287760416666666297e-01
3.289388020833333148e-01
3.291015625000000000e-01
3.292643229166666297e-01
3.294270833333333148e-01
3.295898437500000000e-01
3.297526041666666297e-01
3.299153645833333148e-01
3.300781250000000000e-01
3.302408854166666297e-01
3.304036458333333148e-01
3.305664062500000000e-01
3.307291666666666297e-01
3.308919270833333148e-01
3.310546875000000000e-01
3.312174479166666297e-01
3.313802083333333148e-01
3.315429687500000000e-01
3.317057291666666297e-01
3.318684895833333148e-01
3.320312500000000000e-01
3.321940104166666297e-01
3.323567708333333148e-01
3.325195312500000000e-01
3.326822916666666297e-01
3.328450520833333148e-01
3.330078125000000000e-01
3.331705729166666297e-01
3.333333333333333148e-01
3.334960937500000000e-01
3.336588541666666297e-01
3.338216145833333148e-01
3.339843750000000000e-01
3.341471354166666297e-01
3.343098958333333148e-01
3.344726562500000000e-01
3.346354166666666297e-01
3.347981770833333148e-01
3.349609375000000000e-01
3.351236979166666297e-01
3.352864583333333148e-01
3.354492187500000000e-01
3.356119791666666297e-01
3.357747395833333148e-01
3.359375000000000000e-01
3.361002604166666297e-01
3.362630208333333148e-01
3.364257812500000000e-01
3.365885416666666297e-01
3.367513020833333148e-01
3.369140625000000000e-01
3.370768229166666297e-01
3.372395833333333148e-01
3.374023437500000000e-01
3.375651041666666297e-01
3.377278645833333148e-01
3.378906250000000000e-01
3.380533854166666297e-01
3.382161458333333148e-01
3.383789062500000000e-01
3.385416666666666297e-01
3.387044270833333148e-01
3.388671875000000000e-01
3.390299479166666297e-01
3.391927083333333148e-01
3.393554687500000000e-01
3.395182291666666297e-01
3.396809895833333148e-01
3.398437500000000000e-01
3.400065104166666297e-01
3.401692708333333148e-01
3.403320312500000000e-01
3.404947916666666297e-01
3.406575520833333148e-01
3.408203125000000000e-01
3.409830729166666297e-01
3.411458333333333148e-01
3.413085937500000000e-01
3.414713541666666297e-01
3.416341145833333148e-01
3.417968750000000000e-01
3.419596354166666297e-01
3.421223958333333148e-01
3.422851562500000000e-01
3.424479166666666297e-01
3.426106770833333148e-01
3.427734375000000000e-01
3.429361979166666297e-01
3.430989583333333148e-01
3.432617187500000000e-01
3.434244791666666297e-01
3.435872395833333148e-01
3.437500000000000000e-01
3.439127604166666297e-01
3.440755208333333148e-01
3.442382812500000000e-01
3.444010416666666297e-01
3.445638020833333148e-01
3.447265625000000000e-01
3.448893229166666297e-01
3.450520833333333148e-01
3.452148437500000000e-01
3.453776041666666297e-01
3.455403645833333148e-01
3.457031250000000000e-01
3.458658854166666297e-01
3.460286458333333148e-01
3.461914062500000000e-01
3.463541666666666297e-01
3.465169270833333148e-01
3.466796875000000000e-01
3.468424479166666297e-01
3.470052083333333148e-01
3.471679687500000000e-01
3.473307291666666297e-01
3.474934895833333148e-01
3.476562500000000000e-01
3.478190104166666297e-01
3.479817708333333148e-01
3.481445312500000000e-01
3.483072916666666297e-01
3.484700520833333148e-01
3.486328125000000000e-01
3.487955729166666297e-01
3.489583333333333148e-01
3.491210937500000000e-01
3.492838541666666297e-01
3.494466145833333148e-01
3.496093750000000000e-01
3.497721354166666297e-01
3.499348958333333148e-01
3.500976562500000000e-01
3.502604166666666297e-01
3.504231770833333148e-01
3.505859375000000000e-01
3.507486979166666297e-01
3.509114583333333148e-01
3.510742187500000000e-01
3.512369791666666297e-01
3.513997395833333148e-01
3.515625000000000000e-01
3.517252604166666297e-01
3.518880208333333148e-01
3.520507812500000000e-01
3.522135416666666297e-01
3.523763020833333148e-01
3.525390625000000000e-01
3.527018229166666297e-01
3.528645833333333148e-01
3.530273437500000000e-01
3.531901041666666297e-01
3.533528645833333148e-01
3.535156250000000000e-01
3.536783854166666297e-01
3.538411458333333148e-01
3.540039062500000000e-01
3.541666666666666297e-01
3.543294270833333148e-01
3.544921875000000000e-01
3.546549479166666297e-01
3.548177083333333148e-01
3.549804687500000000e-01
3.551432291666666297e-01
3.553059895833333148e-01
3.554687500000000000e-01
3.556315104166666297e-01
3.557942708333333148e-01
3.559570312500000000e-01
3.561197916666666297e-01
3.562825520833333148e-01
3.564453125000000000e-01
3.566080729166666297e-01
3.567708333333333148e-01
3.569335937500000000e-01
3.570963541666666297e-01
3.572591145833333148e-01
3.574218750000000000e-01
3.575846354166666297e-01
3.577473958333333148e-01
3.579101562500000000e-01
3.580729166666666297e-01
3.582356770833333148e-01
3.583984375000000000e-01
3.585611979166666297e-01
3.587239583333333148e-01
3.588867187500000000e-01
3.590494791666666297e-01
3.592122395833333148e-01
3.593750000000000000e-01
3.595377604166666297e-01
3.597005208333333148e-01
3.598632812500000000e-01
3.600260416666666297e-01
3.601888020833333148e-01
3.603515625000000000e-01
3.605143229166666297e-01
3.606770833333333148e-01
3.608398437500000000e-01
3.610026041666666297e-01
3.611653645833333148e-01
3.613281250000000000e-01
3.614908854166666297e-01
3.616536458333333148e-01
3.618164062500000000e-01
3.619791666666666297e-01
3.621419270833333148e-01
3.623046875000000000e-01
3.624674479166666297e-01
3.626302083333333148e-01
3.627929687500000000e-01
3.629557291666666297e-01
3.631184895833333148e-01
3.632812500000000000e-01
3.634440104166666297e-01
3.636067708333333148e-01
3.637695312500000000e-01
3.639322916666666297e-01
3.640950520833333148e-01
3.642578125000000000e-01
3.644205729166666297e-01
3.645833333333333148e-01
3.647460937500000000e-01
3.649088541666666297e-01
3.650716145833333148e-01
3.652343750000000000e-01
3.653971354166666297e-01
3.655598958333333148e-01
3.657226562500000000e-01
3.658854166666666297e-01
3.660481770833333148e-01
3.662109375000000000e-01
3.663736979166666297e-01
3.665364583333333148e-01
3.666992187500000000e-01
3.668619791666666297e-01
3.670247395833333148e-01
3.671875000000000000e-01
3.673502604166666297e-01
3.675130208333333148e-01
3.676757812500000000e-01
3.678385416666666297e-01
3.680013020833333148e-01
3.681640625000000000e-01
3.683268229166666297e-01
3.684895833333333148e-01
3.686523437500000000e-01
3.688151041666666297e-01
3.689778645833333148e-01
3.691406250000000000e-01
3.693033854166666297e-01
3.694661458333333148e-01
3.696289062500000000e-01
3.697916666666666297e-01
3.699544270833333148e-01
3.701171875000000000e-01
3.702799479166666297e-01
3.704427083333333148e-01
3.706054687500000000e-01
3.707682291666666297e-01
3.709309895833333148e-01
3.710937500000000000e-01
3.712565104166666297e-01
3.714192708333333148e-01
3.715820312500000000e-01
3.717447916666666297e-01
3.719075520833333148e-01
3.720703125000000000e-01
3.722330729166666297e-01
3.723958333333333148e-01
3.725585937500000000e-01
3.727213541666666297e-01
3.728841145833333148e-01
3.730468750000000000e-01
3.732096354166666297e-01
3.733723958333333148e-01
3.735351562500000000e-01
3.736979166666666297e-01
3.738606770833333148e-01
3.740234375000000000e-01
3.741861979166666297e-01
3.743489583333333148e-01
3.745117187500000000e-01
3.746744791666666297e-01
3.748372395833333148e-01
3.750000000000000000e-01
3.751627604166666297e-01
3.753255208333333148e-01
3.754882812500000000e-01
3.756510416666666297e-01
3.758138020833333148e-01
3.759765625000000000e-01
3.761393229166666297e-01
3.763020833333333148e-01
3.764648437500000000e-01
3.766276041666666297e-01
3.767903645833333148e-01
3.769531250000000000e-01
3.771158854166666297e-01
3.772786458333333148e-01
3.774414062500000000e-01
3.776041666666666297e-01
3.777669270833333148e-01
3.779296875000000000e-01
3.780924479166666297e-01
3.782552083333333148e-01
3.784179687500000000e-01
3.785807291666666297e-01
3.787434895833333148e-01
3.789062500000000000e-01
3.790690104166666297e-01
3.792317708333333148e-01
3.793945312500000000e-01
3.795572916666666297e-01
3.797200520833333148e-01
3.798828125000000000e-01
3.800455729166666297e-01
3.802083333333333148e-01
3.803710937500000000e-01
3.805338541666666297e-01
3.806966145833333148e-01
3.808593750000000000e-01
3.810221354166666297e-01
3.811848958333333148e-01
3.813476562500000000e-01
3.815104166666666297e-01
3.816731770833333148e-01
3.818359375000000000e-01
3.819986979166666297e-01
3.821614583333333148e-01
3.823242187500000000e-01
3.824869791666666297e-01
3.826497395833333148e-01
3.828125000000000000e-01
3.829752604166666297e-01
3.831380208333333148e-01
3.833007812500000000e-01
3.834635416666666297e-01
3.836263020833333148e-01
3.837890625000000000e-01
3.839518229166666297e-01
3.841145833333333148e-01
3.842773437500000000e-01
3.844401041666666297e-01
3.846028645833333148e-01
3.847656250000000000e-01
3.849283854166666297e-01
3.850911458333333148e-01
3.852539062500000000e-01
3.854166666666666297e-01
3.855794270833333148e-01
3.857421875000000000e-01
3.859049479166666297e-01
3.860677083333333148e-01
3.862304687500000000e-01
3.863932291666666297e-01
3.865559895833333148e-01
3.867187500000000000e-01
3.868815104166666297e-01
3.870442708333333148e-01
3.872070312500000000e-01
3.873697916666666297e-01
3.875325520833333148e-01
3.876953125000000000e-01
3.878580729166666297e-01
3.880208333333333148e-01
3.881835937500000000e-01
3.883463541666666297e-01
3.885091145833333148e-01
3.886718750000000000e-01
3.888346354166666297e-01
3.889973958333333148e-01
3.891601562500000000e-01
3.893229166666666297e-01
3.894856770833333148e-01
3.896484375000000000e-01
3.898111979166666297e-01
3.899739583333333148e-01
3.901367187500000000e-01
3.902994791666666297e-01
3.904622395833333148e-01
3.906250000000000000e-01
3.907877604166666297e-01
3.909505208333333148e-01
3.911132812500000000e-01
3.912760416666666297e-01
3.914388020833333148e-01
3.916015625000000000e-01
3.917643229166666297e-01
3.919270833333333148e-01
3.920898437500000000e-01
3.922526041666666297e-01
3.924153645833333148e-01
3.925781250000000000e-01
3.927408854166666297e-01
3.929036458333333148e-01
3.930664062500000000e-01
3.932291666666666297e-01
3.933919270833333148e-01
3.935546875000000000e-01
3.937174479166666297e-01
3.938802083333333148e-01
3.940429687500000000e-01
3.942057291666666297e-01
3.943684895833333148e-01
3.945312500000000000e-01
3.946940104166666297e-01
3.948567708333333148e-01
3.950195312500000000e-01
3.951822916666666297e-01
3.953450520833333148e-01
3.955078125000000000e-01
3.956705729166666297e-01
3.958333333333333148e-01
3.959960937500000000e-01
3.961588541666666297e-01
3.963216145833333148e-01
3.964843750000000000e-01
3.966471354166666297e-01
3.968098958333333148e-01
3.969726562500000000e-01
3.971354166666666297e-01
3.972981770833333148e-01
3.974609375000000000e-01
3.976236979166666297e-01
3.977864583333333148e-01
3.979492187500000000e-01
3.981119791666666297e-01
3.982747395833333148e-01
3.984375000000000000e-01
3.986002604166666297e-01
3.987630208333333148e-01
3.989257812500000000e-01
3.990885416666666297e-01
3.992513020833333148e-01
3.994140625000000000e-01
3.995768229166666297e-01
3.997395833333333148e-01
3.999023437500000000e-01
4.000651041666666297e-01
4.002278645833333148e-01
4.003906250000000000e-01
4.005533854166666297e-01
4.007161458333333148e-01
4.008789062500000000e-01
4.010416666666666297e-01
4.012044270833333148e-01
4.013671875000000000e-01
4.015299479166666297e-01
4.016927083333333148e-01
4.018554687500000000e-01
4.020182291666666297e-01
4.021809895833333148e-01
4.023437500000000000e-01
4.025065104166666297e-01
4.026692708333333148e-01
4.028320312500000000e-01
4.029947916666666297e-01
4.031575520833333148e-01
4.033203125000000000e-01
4.034830729166666297e-01
4.036458333333333148e-01
4.038085937500000000e-01
4.039713541666666297e-01
4.041341145833333148e-01
4.042968750000000000e-01
4.044596354166666297e-01
4.046223958333333148e-01
4.047851562500000000e-01
4.049479166666666297e-01
4.051106770833333148e-01
4.052734375000000000e-01
4.054361979166666297e-01
4.055989583333333148e-01
4.057617187500000000e-01
4.059244791666666297e-01
4.060872395833333148e-01
4.062500000000000000e-01
4.064127604166666297e-01
4.065755208333333148e-01
4.067382812500000000e-01
4.069010416666666297e-01
4.070638020833333148e-01
4.072265625000000000e-01
4.073893229166666297e-01
4.075520833333333148e-01
4.077148437500000000e-01
4.078776041666666297e-01
4.080403645833333148e-01
4.082031250000000000e-01
4.083658854166666297e-01
4.085286458333333148e-01
4.086914062500000000e-01
4.088541666666666297e-01
4.090169270833333148e-01
4.091796875000000000e-01
4.093424479166666297e-01
4.095052083333333148e-01
4.096679687500000000e-01
4.098307291666666297e-01
4.099934895833333148e-01
4.101562500000000000e-01
4.103190104166666297e-01
4.104817708333333148e-01
4.106445312500000000e-01
4.108072916666666297e-01
4.109700520833333148e-01
4.111328125000000000e-01
4.112955729166666297e-01
4.114583333333333148e-01
4.116210937500000000e-01
4.117838541666666297e-01
4.119466145833333148e-01
4.121093750000000000e-01
4.122721354166666297e-01
4.124348958333333148e-01
4.125976562500000000e-01
4.127604166666666297e-01
4.129231770833333148e-01
4.130859375000000000e-01
4.132486979166666297e-01
4.134114583333333148e-01
4.135742187500000000e-01
4.137369791666666297e-01
4.138997395833333148e-01
4.140625000000000000e-01
4.142252604166666297e-01
4.143880208333333148e-01
4.145507812500000000e-01
4.147135416666666297e-01
4.148763020833333148e-01
4.150390625000000000e-01
4.152018229166666297e-01
4.153645833333333148e-01
4.155273437500000000e-01
4.156901041666666297e-01
4.158528645833333148e-01
4.160156250000000000e-01
4.161783854166666297e-01
4.163411458333333148e-01
4.165039062500000000e-01
4.166666666666666297e-01
4.168294270833333148e-01
4.169921875000000000e-01
4.171549479166666297e-01
4.173177083333333148e-01
4.174804687500000000e-01
4.176432291666666297e-01
4.178059895833333148e-01
4.179687500000000000e-01
4.181315104166666297e-01
4.182942708333333148e-01
4.184570312500000000e-01
4.186197916666666297e-01
4.187825520833333148e-01
4.189453125000000000e-01
4.191080729166666297e-01
4.192708333333333148e-01
4.194335937500000000e-01
4.195963541666666297e-01
4.197591145833333148e-01
4.199218750000000000e-01
4.200846354166666297e-01
4.202473958333333148e-01
4.204101562500000000e-01
4.205729166666666297e-01
4.207356770833333148e-01
4.208984375000000000e-01
4.210611979166666297e-01
4.212239583333333148e-01
4.213867187500000000e-01
4.215494791666666297e-01
4.217122395833333148e-01
4.218750000000000000e-01
4.220377604166666297e-01
4.222005208333333148e-01
4.223632812500000000e-01
4.225260416666666297e-01
4.226888020833333148e-01
4.228515625000000000e-01
4.230143229166666297e-01
4.231770833333333148e-01
4.233398437500000000e-01
4.235026041666666297e-01
4.236653645833333148e-01
4.238281250000000000e-01
4.239908854166666297e-01
4.241536458333333148e-01
4.243164062500000000e-01
4.244791666666666297e-01
4.246419270833333148e-01
4.248046875000000000e-01
4.249674479166666297e-01
4.251302083333333148e-01
4.252929687500000000e-01
4.254557291666666297e-01
4.256184895833333148e-01
4.257812500000000000e-01
4.259440104166666297e-01
4.261067708333333148e-01
4.262695312500000000e-01
4.264322916666666297e-01
4.265950520833333148e-01
4.267578125000000000e-01
4.269205729166666297e-01
4.270833333333333148e-01
4.272460937500000000e-01
4.274088541666666297e-01
4.275716145833333148e-01
4.277343750000000000e-01
4.278971354166666297e-01
4.280598958333333148e-01
4.282226562500000000e-01
4.283854166666666297e-01
4.285481770833333148e-01
4.287109375000000000e-01
4.288736979166666297e-01
4.290364583333333148e-01
4.291992187500000000e-01
4.293619791666666297e-01
4.295247395833333148e-01
4.296875000000000000e-01
4.298502604166666297e-01
4.300130208333333148e-01
4.301757812500000000e-01
4.303385416666666297e-01
4.305013020833333148e-01
4.306640625000000000e-01
4.308268229166666297e-01
4.309895833333333148e-01
4.311523437500000000e-01
4.313151041666666297e-01
4.314778645833333148e-01
4.316406250000000000e-01
4.318033854166666297e-01
4.319661458333333148e-01
4.321289062500000000e-01
4.322916666666666297e-01
4.324544270833333148e-01
4.326171875000000000e-01
4.327799479166666297e-01
4.329427083333333148e-01
4.331054687500000000e-01
4.332682291666666297e-01
4.334309895833333148e-01
4.335937500000000000e-01
4.337565104166666297e-01
4.339192708333333148e-01
4.340820312500000000e-01
4.342447916666666297e-01
4.344075520833333148e-01
4.345703125000000000e-01
4.347330729166666297e-01
4.348958333333333148e-01
4.350585937500000000e-01
4.352213541666666297e-01
4.353841145833333148e-01
4.355468750000000000e-01
4.357096354166666297e-01
4.358723958333333148e-01
4.360351562500000000e-01
4.361979166666666297e-01
4.363606770833333148e-01
4.365234375000000000e-01
4.366861979166666297e-01
4.368489583333333148e-01
4.370117187500000000e-01
4.371744791666666297e-01
4.373372395833333148e-01
4.375000000000000000e-01
4.376627604166666297e-01
4.378255208333333148e-01
4.379882812500000000e-01
4.381510416666666297e-01
4.383138020833333148e-01
4.384765625000000000e-01
4.386393229166666297e-01
4.388020833333333148e-01
4.389648437500000000e-01
4.391276041666666297e-01
4.392903645833333148e-01
4.394531250000000000e-01
4.396158854166666297e-01
4.397786458333333148e-01
4.399414062500000000e-01
4.401041666666666297e-01
4.402669270833333148e-01
4.404296875000000000e-01
4.405924479166666297e-01
4.407552083333333148e-01
4.409179687500000000e-01
4.410807291666666297e-01
4.412434895833333148e-01
4.414062500000000000e-01
4.415690104166666297e-01
4.417317708333333148e-01
4.418945312500000000e-01
4.420572916666666297e-01
4.422200520833333148e-01
4.423828125000000000e-01
4.425455729166666297e-01
4.427083333333333148e-01
4.428710937500000000e-01
4.430338541666666297e-01
4.431966145833333148e-01
4.433593750000000000e-01
4.435221354166666297e-01
4.436848958333333148e-01
4.438476562500000000e-01
4.440104166666666297e-01
4.441731770833333148e-01
4.443359375000000000e-01
4.444986979166666297e-01
4.446614583333333148e-01
4.448242187500000000e-01
4.449869791666666297e-01
4.451497395833333148e-01
4.453125000000000000e-01
4.454752604166666297e-01
4.456380208333333148e-01
4.458007812500000000e-01
4.459635416666666297e-01
4.461263020833333148e-01
4.462890625000000000e-01
4.464518229166666297e-01
4.466145833333333148e-01
4.467773437500000000e-01
4.469401041666666297e-01
4.471028645833333148e-01
4.472656250000000000e-01
4.474283854166666297e-01
4.475911458333333148e-01
4.477539062500000000e-01
4.479166666666666297e-01
4.480794270833333148e-01
4.482421875000000000e-01
4.484049479166666297e-01
4.485677083333333148e-01
4.487304687500000000e-01
4.488932291666666297e-01
4.490559895833333148e-01
4.492187500000000000e-01
4.493815104166666297e-01
4.495442708333333148e-01
4.497070312500000000e-01
4.498697916666666297e-01
4.500325520833333148e-01
4.501953125000000000e-01
4.503580729166666297e-01
4.505208333333333148e-01
4.506835937500000000e-01
4.508463541666666297e-01
4.510091145833333148e-01
4.511718750000000000e-01
4.513346354166666297e-01
4.514973958333333148e-01
4.516601562500000000e-01
4.518229166666666297e-01
4.519856770833333148e-01
4.521484375000000000e-01
4.523111979166666297e-01
4.524739583333333148e-01
4.526367187500000000e-01
4.527994791666666297e-01
4.529622395833333148e-01
4.531250000000000000e-01
4.532877604166666297e-01
4.534505208333333148e-01
4.536132812500000000e-01
4.537760416666666297e-01
4.539388020833333148e-01
4.541015625000000000e-01
4.542643229166666297e-01
4.544270833333333148e-01
4.545898437500000000e-01
4.547526041666666297e-01
4.549153645833333148e-01
4.550781250000000000e-01
4.552408854166666297e-01
4.554036458333333148e-01
4.555664062500000000e-01
4.557291666666666297e-01
4.558919270833333148e-01
4.560546875000000000e-01
4.562174479166666297e-01
4.563802083333333148e-01
4.565429687500000000e-01
4.567057291666666297e-01
4.568684895833333148e-01
4.570312500000000000e-01
4.571940104166666297e-01
4.573567708333333148e-01
4.575195312500000000e-01
4.576822916666666297e-01
4.578450520833333148e-01
4.580078125000000000e-01
4.581705729166666297e-01
4.583333333333333148e-01
4.584960937500000000e-01
4.586588541666666297e-01
4.588216145833333148e-01
4.589843750000000000e-01
4.591471354166666297e-01
4.593098958333333148e-01
4.594726562500000000e-01
4.596354166666666297e-01
4.597981770833333148e-01
4.599609375000000000e-01
4.601236979166666297e-01
4.602864583333333148e-01
4.604492187500000000e-01
4.606119791666666297e-01
4.607747395833333148e-01
4.609375000000000000e-01
4.611002604166666297e-01
4.612630208333333148e-01
4.614257812500000000e-01
4.615885416666666297e-01
4.617513020833333148e-01
4.619140625000000000e-01
4.620768229166666297e-01
4.622395833333333148e-01
4.624023437500000000e-01
4.625651041666666297e-01
4.627278645833333148e-01
4.628906250000000000e-01
4.630533854166666297e-01
4.632161458333333148e-01
4.633789062500000000e-01
4.635416666666666297e-01
4.637044270833333148e-01
4.638671875000000000e-01
4.640299479166666297e-01
4.641927083333333148e-01
4.643554687500000000e-01
4.645182291666666297e-01
4.646809895833333148e-01
4.648437500000000000e-01
4.650065104166666297e-01
4.651692708333333148e-01
4.653320312500000000e-01
4.654947916666666297e-01
4.656575520833333148e-01
4.658203125000000000e-01
4.659830729166666297e-01
4.661458333333333148e-01
4.663085937500000000e-01
4.664713541666666297e-01
4.666341145833333148e-01
4.667968750000000000e-01
4.669596354166666297e-01
4.671223958333333148e-01
4.672851562500000000e-01
4.674479166666666297e-01
4.676106770833333148e-01
4.677734375000000000e-01
4.679361979166666297e-01
4.680989583333333148e-01
4.682617187500000000e-01
4.684244791666666297e-01
4.685872395833333148e-01
4.687500000000000000e-01
4.689127604166666297e-01
4.690755208333333148e-01
4.692382812500000000e-01
4.694010416666666297e-01
4.695638020833333148e-01
4.697265625000000000e-01
4.698893229166666297e-01
4.700520833333333148e-01
4.702148437500000000e-01
4.703776041666666297e-01
4.705403645833333148e-01
4.707031250000000000e-01
4.708658854166666297e-01
4.710286458333333148e-01
4.711914062500000000e-01
4.713541666666666297e-01
4.715169270833333148e-01
4.716796875000000000e-01
4.718424479166666297e-01
4.720052083333333148e-01
4.721679687500000000e-01
4.723307291666666297e-01
4.724934895833333148e-01
4.726562500000000000e-01
4.728190104166666297e-01
4.729817708333333148e-01
4.731445312500000000e-01
4.733072916666666297e-01
4.734700520833333148e-01
4.736328125000000000e-01
4.737955729166666297e-01
4.739583333333333148e-01
4.741210937500000000e-01
4.742838541666666297e-01
4.744466145833333148e-01
4.746093750000000000e-01
4.747721354166666297e-01
4.749348958333333148e-01
4.750976562500000000e-01
4.752604166666666297e-01
4.754231770833333148e-01
4.755859375000000000e-01
4.757486979166666297e-01
4.759114583333333148e-01
4.760742187500000000e-01
4.762369791666666297e-01
4.763997395833333148e-01
4.765625000000000000e-01
4.767252604166666297e-01
4.768880208333333148e-01
4.770507812500000000e-01
4.772135416666666297e-01
4.773763020833333148e-01
4.775390625000000000e-01
4.777018229166666297e-01
4.778645833333333148e-01
4.780273437500000000e-01
4.781901041666666297e-01
4.783528645833333148e-01
4.785156250000000000e-01
4.786783854166666297e-01
4.788411458333333148e-01
4.790039062500000000e-01
4.791666666666666297e-01
4.793294270833333148e-01
4.794921875000000000e-01
4.796549479166666297e-01
4.798177083333333148e-01
4.799804687500000000e-01
4.801432291666666297e-01
4.803059895833333148e-01
4.804687500000000000e-01
4.806315104166666297e-01
4.807942708333333148e-01
4.809570312500000000e-01
4.811197916666666297e-01
4.812825520833333148e-01
4.814453125000000000e-01
4.816080729166666297e-01
4.817708333333333148e-01
4.819335937500000000e-01
4.820963541666666297e-01
4.822591145833333148e-01
4.824218750000000000e-01
4.825846354166666297e-01
4.827473958333333148e-01
4.829101562500000000e-01
4.830729166666666297e-01
4.832356770833333148e-01
4.833984375000000000e-01
4.835611979166666297e-01
4.837239583333333148e-01
4.838867187500000000e-01
4.840494791666666297e-01
4.842122395833333148e-01
4.843750000000000000e-01
4.845377604166666297e-01
4.847005208333333148e-01
4.848632812500000000e-01
4.850260416666666297e-01
4.851888020833333148e-01
4.853515625000000000e-01
4.855143229166666297e-01
4.856770833333333148e-01
4.858398437500000000e-01
4.860026041666666297e-01
4.861653645833333148e-01
4.863281250000000000e-01
4.864908854166666297e-01
4.866536458333333148e-01
4.868164062500000000e-01
4.869791666666666297e-01
4.871419270833333148e-01
4.873046875000000000e-01
4.874674479166666297e-01
4.876302083333333148e-01
4.877929687500000000e-01
4.879557291666666297e-01
4.881184895833333148e-01
4.882812500000000000e-01
4.884440104166666297e-01
4.886067708333333148e-01
4.887695312500000000e-01
4.889322916666666297e-01
4.890950520833333148e-01
4.892578125000000000e-01
4.894205729166666297e-01
4.895833333333333148e-01
4.897460937500000000e-01
4.899088541666666297e-01
4.900716145833333148e-01
4.902343750000000000e-01
4.903971354166666297e-01
4.905598958333333148e-01
4.907226562500000000e-01
4.908854166666666297e-01
4.910481770833333148e-01
4.912109375000000000e-01
4.913736979166666297e-01
4.915364583333333148e-01
4.916992187500000000e-01
4.918619791666666297e-01
4.920247395833333148e-01
4.921875000000000000e-01
4.923502604166666297e-01
4.925130208333333148e-01
4.926757812500000000e-01
4.928385416666666297e-01
4.930013020833333148e-01
4.931640625000000000e-01
4.933268229166666297e-01
4.934895833333333148e-01
4.936523437500000000e-01
4.938151041666666297e-01
4.939778645833333148e-01
4.941406250000000000e-01
4.943033854166666297e-01
4.944661458333333148e-01
4.946289062500000000e-01
4.947916666666666297e-01
4.949544270833333148e-01
4.951171875000000000e-01
4.952799479166666297e-01
4.954427083333333148e-01
4.956054687500000000e-01
4.957682291666666297e-01
4.959309895833333148e-01
4.960937500000000000e-01
4.962565104166666297e-01
4.964192708333333148e-01
4.965820312500000000e-01
4.967447916666666297e-01
4.969075520833333148e-01
4.970703125000000000e-01
4.972330729166666297e-01
4.973958333333333148e-01
4.975585937500000000e-01
4.977213541666666297e-01
4.978841145833333148e-01
4.980468750000000000e-01
4.982096354166666297e-01
4.983723958333333148e-01
4.985351562500000000e-01
4.986979166666666297e-01
4.988606770833333148e-01
4.990234375000000000e-01
4.991861979166666297e-01
4.993489583333333148e-01
4.995117187500000000e-01
4.996744791666666297e-01
4.998372395833333148e-01
5.000000000000000000e-01
